dataset.id melody.id note.id melody.name vertint12 articulation comma voice ornament dyn phrase bioi deltast accidental mpitch cpitch barlength pulses tempo mode keysig dur onset cpitch.order.ltm.cpitch cpitch.order.stm.cpitch cpitch.weight.ltm cpitch.weight.stm cpitch.weight.ltm.cpitch cpitch.weight.stm.cpitch cpitch.probability cpitch.information.content cpitch.entropy cpitch.60 cpitch.61 cpitch.62 cpitch.63 cpitch.64 cpitch.65 cpitch.66 cpitch.67 cpitch.68 cpitch.69 cpitch.70 cpitch.71 probability information.content entropy 
28 1 1 "1" NA 0 0 1 0 NA 0 0 0 NA NA 60 96 4 500000 NA NA 12 0 0 0 0.5001398 0.4998602 1.0 1.0 0.08289185 3.5926256 3.584785 0.08289185 0.08253161 0.082371 0.082210064 0.082371 0.08360767 0.084238864 0.08384492 0.083330035 0.08392386 0.083647266 0.08498231 0.08289185 3.5926256 3.584785 
28 1 2 "1" NA 0 0 1 0 NA 0 12 0 NA NA 64 96 4 500000 NA NA 12 12 1 0 0.27941883 0.7205812 1.0 1.0 0.070556805 3.8250709 3.4874678 0.20083511 0.07628982 0.075410284 0.073567264 0.070556805 0.073567264 0.076634414 0.0674125 0.071185514 0.07076798 0.07097754 0.07279555 0.070556805 3.8250709 3.4874678 
28 1 3 "1" NA 0 0 1 0 NA 0 12 0 NA NA 63 96 4 500000 NA NA 12 24 2 0 0.32124025 0.6787598 1.0 1.0 0.07086404 3.8188026 3.4629397 0.16956016 0.064608626 0.068910696 0.07086404 0.16557123 0.07086404 0.06574059 0.06343314 0.06574059 0.06788855 0.064608626 0.062209725 0.07086404 3.8188026 3.4629397 
28 1 4 "1" NA 0 0 1 0 NA 0 12 0 NA NA 64 96 4 500000 NA NA 12 36 3 0 0.4830761 0.5169239 1.0 0.99999994 0.12792088 2.9666762 3.4864202 0.08596368 0.05671348 0.08300466 0.15355313 0.12792088 0.05800242 0.11638066 0.08722907 0.05264364 0.055392403 0.05264364 0.070552364 0.12792088 2.9666762 3.4864202 
28 1 5 "1" NA 0 0 1 0 NA 0 12 0 NA NA 67 96 4 500000 NA NA 12 48 3 1 0.81980354 0.18019648 1.0 1.0 0.03556182 4.813527 2.844781 0.07215999 0.055823926 0.46044865 0.051769666 0.04211717 0.04129496 0.04867916 0.03556182 0.04685762 0.03749402 0.062772505 0.045020383 0.03556182 4.813527 2.844781 
28 1 6 "1" NA 0 0 1 0 NA 0 12 0 NA NA 66 96 4 500000 NA NA 12 60 3 0 0.623746 0.37625405 1.0 1.0 0.06028982 4.051942 3.4250739 0.09131256 0.061984845 0.055021275 0.17623472 0.06396993 0.06365235 0.06028982 0.06699632 0.047478322 0.086165495 0.17369775 0.053196665 0.06028982 4.051942 3.4250739 
28 1 7 "1" NA 0 0 1 0 NA 0 12 0 NA NA 67 96 4 500000 NA NA 12 72 3 0 0.6060003 0.39399967 1.0 1.0 0.07068333 3.8224862 3.5073032 0.09263434 0.050621416 0.086522765 0.07844134 0.08091788 0.05795111 0.06797224 0.07068333 0.1432083 0.08516269 0.13526322 0.050621416 0.07068333 3.8224862 3.5073032 
28 1 8 "1" NA 0 0 1 0 NA 0 12 0 NA NA 69 96 4 500000 NA NA 12 84 3 1 0.93027014 0.06972991 0.99999994 1.0 0.040971808 4.6092243 2.2090685 0.03531763 0.027050799 0.028620232 0.043465443 0.033671975 0.039445054 0.63269764 0.0236565 0.02547451 0.040971808 0.030183237 0.039445054 0.040971808 4.6092243 2.2090685 
28 1 9 "1" NA 0 0 1 0 NA 0 12 0 NA NA 67 96 4 500000 NA NA 12 96 3 0 0.53900135 0.4609987 1.0 1.0 0.069404095 3.8488355 3.5293179 0.14023435 0.08187787 0.05372568 0.09016445 0.08240061 0.092173554 0.10528766 0.069404095 0.09615577 0.06703129 0.07284757 0.048697103 0.069404095 3.8488355 3.5293179 
28 1 10 "1" NA 0 0 1 0 NA 0 12 0 NA NA 64 96 4 500000 NA NA 12 108 3 1 0.45099232 0.5490076 1.0 1.0 0.085045256 3.5556254 3.4572432 0.072048716 0.08127178 0.050460115 0.07887335 0.085045256 0.04535742 0.11395091 0.06832142 0.09934818 0.19228825 0.053909153 0.05912543 0.085045256 3.5556254 3.4572432 
28 1 11 "1" NA 0 0 1 0 NA 0 12 0 NA NA 62 96 4 500000 NA NA 12 120 3 1 0.36415848 0.63584155 1.0 1.0 0.060088664 4.056763 3.4301891 0.09457486 0.068524405 0.060088664 0.16266453 0.05992572 0.059627187 0.086528584 0.17934322 0.04801893 0.07762579 0.053667232 0.04941092 0.060088664 4.056763 3.4301891 
28 1 12 "1" NA 0 0 1 0 NA 0 12 0 NA NA 60 96 4 500000 NA NA 12 132 4 0 0.83347625 0.16652377 1.0 1.0 0.035447206 4.8181844 3.0810375 0.035447206 0.060867965 0.009481699 0.092133015 0.033861987 0.049654618 0.0649299 0.067492 0.07642651 0.08129118 0.073316 0.3550978 0.035447206 4.8181844 3.0810375 
28 1 13 "1" NA 0 0 1 0 NA 0 12 0 NA NA 71 96 4 500000 NA NA 12 144 3 1 0.38955572 0.61044425 1.0 1.0 0.05591328 4.160665 3.4279938 0.04523422 0.062313735 0.12926385 0.082653545 0.20449714 0.058311746 0.09138036 0.074373856 0.056180365 0.08803002 0.051848043 0.05591328 0.05591328 4.160665 3.4279938 
28 1 14 "1" NA 0 0 1 0 NA 0 12 0 NA NA 69 96 4 500000 NA NA 12 156 3 0 0.68291044 0.31708956 1.0 1.0 0.06964452 3.8438463 3.372901 0.05361638 0.10837469 0.060725506 0.06964452 0.24966615 0.06866988 0.058400806 0.071791105 0.045966145 0.06964452 0.09235146 0.051148783 0.06964452 3.8438463 3.372901 
28 1 15 "1" NA 0 0 1 0 NA 0 12 0 NA NA 67 96 4 500000 NA NA 12 168 3 1 0.46748325 0.5325167 1.0 1.0 0.12084257 3.0487993 3.5469182 0.06688449 0.0973685 0.07370008 0.068689115 0.09128377 0.09288461 0.11126272 0.12084257 0.05521073 0.07611875 0.08476176 0.060993005 0.12084257 3.0487993 3.5469182 
28 1 16 "1" NA 0 0 1 0 NA 0 12 0 NA NA 65 96 4 500000 NA NA 12 180 2 2 0.2707761 0.7292239 1.0 1.0 0.04192765 4.575954 3.3131166 0.0627625 0.049161173 0.063688114 0.06626717 0.27071047 0.04192765 0.105917186 0.06079241 0.05058389 0.11163453 0.046509225 0.07004572 0.04192765 4.575954 3.3131166 
28 1 17 "1" NA 0 0 1 0 NA 0 12 0 NA NA 64 96 4 500000 NA NA 12 192 3 0 0.5754251 0.42457485 0.99999994 1.0 0.07737604 3.6919694 3.5238225 0.06812453 0.06479185 0.14007929 0.053842057 0.07737604 0.10645648 0.07859455 0.06806275 0.074447505 0.07372092 0.06852428 0.12597969 0.07737604 3.6919694 3.5238225 
28 1 18 "1" NA 0 0 1 0 NA 0 12 0 NA NA 60 96 4 500000 NA NA 12 204 3 1 0.5040949 0.49590507 0.99999994 1.0 0.09981637 3.3245797 3.5111246 0.09981637 0.062889464 0.11809604 0.10913357 0.035910122 0.06945109 0.10096568 0.11189647 0.056198675 0.062135953 0.067775205 0.10573136 0.09981637 3.3245797 3.5111246 
28 1 19 "1" NA 0 0 1 0 NA 0 12 0 NA NA 67 96 4 500000 NA NA 12 216 4 1 0.777563 0.22243702 1.0 1.0 0.044352137 4.4948525 3.1645303 0.038380895 0.06894266 0.09290755 0.050326392 0.049089927 0.052272324 0.3335123 0.044352137 0.059184235 0.06109934 0.036768742 0.11316337 0.044352137 4.4948525 3.1645303 
28 1 20 "1" NA 0 0 1 0 NA 0 12 0 NA NA 64 96 4 500000 NA NA 12 228 3 1 0.47676536 0.52323467 1.0 0.99999994 0.11290542 3.1468134 3.498836 0.07742479 0.05290469 0.07819964 0.066756554 0.11290542 0.12440735 0.101681784 0.04794972 0.053828493 0.1413524 0.058207978 0.08438109 0.11290542 3.1468134 3.498836 
28 1 21 "1" NA 0 0 1 0 NA 0 12 0 NA NA 63 96 4 500000 NA NA 12 240 3 2 0.35159484 0.64840513 1.0 1.0 0.095438205 3.3892894 3.3863025 0.115558475 0.049754806 0.22513856 0.095438205 0.043321785 0.068138584 0.07043938 0.110678844 0.044689406 0.062123965 0.053134274 0.061583634 0.095438205 3.3892894 3.3863025 
28 1 22 "1" NA 0 0 1 0 NA 0 12 0 NA NA 64 96 4 500000 NA NA 12 252 3 1 0.9007577 0.09924236 1.0 1.0 0.042553436 4.55458 2.651376 0.031382415 0.044817127 0.038749117 0.03253188 0.042553436 0.04887909 0.044857834 0.050407007 0.03900687 0.5173814 0.03900687 0.07042691 0.042553436 4.55458 2.651376 
28 1 23 "1" NA 0 0 1 0 NA 0 12 0 NA NA 67 96 4 500000 NA NA 12 264 3 2 0.5835928 0.41640717 1.0 0.99999994 0.22504447 2.151718 3.203972 0.086273186 0.047381457 0.24639194 0.06604163 0.045346126 0.046147343 0.051880833 0.22504447 0.04182903 0.04308186 0.051508334 0.049073886 0.22504447 2.151718 3.203972 
28 1 24 "1" NA 0 0 1 0 NA 0 12 0 NA NA 64 96 4 500000 NA NA 12 276 4 2 0.7121144 0.2878856 1.0 1.0 0.039547715 4.6602616 2.9541543 0.05056424 0.040602732 0.040362548 0.075367525 0.039547715 0.058347426 0.41041163 0.035506822 0.029947517 0.08244672 0.09805709 0.03883804 0.039547715 4.6602616 2.9541543 
28 1 25 "1" NA 0 0 1 0 NA 0 12 0 NA NA 60 96 4 500000 NA NA 12 288 3 2 0.34642255 0.6535773 1.0 1.0 0.110437974 3.1786916 3.3754678 0.110437974 0.04598473 0.17003414 0.18158537 0.040573146 0.058575433 0.060973667 0.11012353 0.041368436 0.054990206 0.04598473 0.079368666 0.110437974 3.1786916 3.3754678 
28 1 26 "1" NA 0 0 1 0 NA 0 12 0 NA NA 71 96 4 500000 NA NA 12 300 3 2 0.44665977 0.55334026 0.99999994 0.99999994 0.11060872 3.176463 3.4820046 0.05826274 0.052968528 0.064533904 0.12738287 0.08673443 0.09036619 0.06079743 0.1592627 0.047344275 0.058139443 0.08359875 0.11060872 0.11060872 3.176463 3.4820046 
28 1 27 "1" NA 0 0 1 0 NA 0 12 0 NA NA 60 96 4 500000 NA NA 12 312 3 1 0.447534 0.552466 1.0 1.0 0.067277655 3.8937287 3.4494486 0.067277655 0.07500457 0.08030213 0.0845626 0.07652181 0.10824944 0.059948925 0.08146096 0.044157896 0.20674053 0.06081369 0.054959774 0.067277655 3.8937287 3.4494486 
28 1 28 "1" NA 0 0 1 0 NA 0 12 0 NA NA 62 96 4 500000 NA NA 12 324 3 1 0.36654317 0.6334569 1.0 1.0 0.06698435 3.900032 3.4048185 0.05118711 0.057465237 0.06698435 0.061988488 0.15700266 0.06429571 0.06860116 0.12191775 0.047234535 0.06388054 0.048455287 0.19098723 0.06698435 3.900032 3.4048185 
28 1 29 "1" NA 0 0 1 0 NA 0 12 0 NA NA 60 96 4 500000 NA NA 12 336 3 1 0.5193534 0.48064655 1.0 1.0 0.11612681 3.106227 3.4877176 0.11612681 0.089907944 0.027063955 0.06450187 0.057512928 0.11154648 0.13939032 0.076032355 0.060376804 0.07396468 0.10992412 0.07365176 0.11612681 3.106227 3.4877176 
28 1 30 "1" NA 0 0 1 0 NA 0 12 0 NA NA 64 96 4 500000 NA NA 12 348 3 2 0.3196659 0.6803341 1.0 1.0 0.111803845 3.1609583 3.3440754 0.052039277 0.04370777 0.11358746 0.05721195 0.111803845 0.058591433 0.06212372 0.10347212 0.04014511 0.08106446 0.037586622 0.23866625 0.111803845 3.1609583 3.3440754 
28 1 31 "1" NA 0 0 1 0 NA 0 12 0 NA NA 67 96 4 500000 NA NA 12 360 3 2 0.26762602 0.73237395 1.0 0.99999994 0.09771944 3.3552105 3.1783402 0.13486236 0.030529307 0.104700334 0.30102512 0.052046344 0.056236576 0.04502745 0.09771944 0.034621414 0.06383309 0.030529307 0.048869263 0.09771944 3.3552105 3.1783402 
28 1 32 "1" NA 0 0 1 0 NA 0 12 0 NA NA 64 96 4 500000 NA NA 12 372 3 2 0.3388451 0.6611549 1.0 1.0 0.16646212 2.586734 3.3580983 0.07734784 0.03741081 0.074969426 0.04537028 0.16646212 0.11519231 0.16187058 0.055364557 0.032366447 0.1397997 0.034429062 0.05941695 0.16646212 2.586734 3.3580983 
28 2 1 "2" NA 0 0 1 0 NA 0 0 0 NA NA 67 96 4 500000 NA NA 12 0 0 0 0.5001334 0.49986658 1.0 1.0 0.084014125 3.5732243 3.5847929 0.08302566 0.08242689 0.08234673 0.08218616 0.08262696 0.083541125 0.084171206 0.084014125 0.08322429 0.08389612 0.083541125 0.08495225 0.084014125 3.5732243 3.5847929 
28 2 2 "2" NA 0 0 1 0 NA 0 12 0 NA NA 64 96 4 500000 NA NA 12 12 1 0 0.2728981 0.7271018 1.0 1.0 0.068820596 3.8610156 3.4541976 0.07035595 0.069790706 0.06611158 0.06822057 0.068820596 0.07335099 0.07072617 0.2221633 0.069212995 0.075747 0.07351731 0.07198287 0.068820596 3.8610156 3.4541976 
28 2 3 "2" NA 0 0 1 0 NA 0 12 0 NA NA 65 96 4 500000 NA NA 12 24 2 0 0.34230354 0.6576965 1.0 1.0 0.06895818 3.8581345 3.4848495 0.07116718 0.07269456 0.07434229 0.068331555 0.10814823 0.06895818 0.07174728 0.19438903 0.065479256 0.06478609 0.07269456 0.06726194 0.06895818 3.8581345 3.4848495 
28 2 4 "2" NA 0 0 1 0 NA 0 12 0 NA NA 62 96 4 500000 NA NA 12 36 3 0 0.57798946 0.4220105 0.99999994 1.0 0.059353065 4.0745335 3.4798577 0.053740997 0.16117568 0.059353065 0.09643515 0.08784314 0.08440913 0.0497493 0.112461485 0.053740997 0.12083197 0.055657484 0.064601585 0.059353065 4.0745335 3.4798577 
28 2 5 "2" NA 0 0 1 0 NA 0 12 0 NA NA 60 96 4 500000 NA NA 12 48 3 0 0.51258904 0.48741096 0.99999994 1.0 0.12005531 3.058229 3.53042 0.12005531 0.05798811 0.049888607 0.07033749 0.12000381 0.10289004 0.07811137 0.10396288 0.07236915 0.09328659 0.06980249 0.061304223 0.12005531 3.058229 3.53042 
28 2 6 "2" NA 0 0 1 0 NA 0 12 0 NA NA 67 96 4 500000 NA NA 12 60 4 0 0.6994586 0.3005414 1.0 1.0 0.07020058 3.8323734 3.3864717 0.023798663 0.22403237 0.07180896 0.05445274 0.070718996 0.074003614 0.101482965 0.07020058 0.053656742 0.09115036 0.110128015 0.054566044 0.07020058 3.8323734 3.3864717 
28 2 7 "2" NA 0 0 1 0 NA 0 12 0 NA NA 60 96 4 500000 NA NA 12 72 4 1 0.47360423 0.52639574 1.0 1.0 0.079071954 3.6606903 3.3825397 0.079071954 0.051531248 0.08161465 0.06439131 0.18001814 0.19983986 0.05412567 0.04912565 0.05242504 0.073516056 0.056660954 0.05767942 0.079071954 3.6606903 3.3825397 
28 2 8 "2" NA 0 0 1 0 NA 0 12 0 NA NA 62 96 4 500000 NA NA 12 84 3 1 0.28478032 0.7152197 1.0 1.0 0.094343655 3.4059308 3.194126 0.08149244 0.04843332 0.094343655 0.047037702 0.08807751 0.0917813 0.047531508 0.32355076 0.044317823 0.044092104 0.043936525 0.0454053 0.094343655 3.4059308 3.194126 
28 2 9 "2" NA 0 0 1 0 NA 0 12 0 NA NA 64 96 4 500000 NA NA 12 96 3 1 0.2943701 0.7056298 0.99999994 1.0 0.079496905 3.6529577 3.3437624 0.2534596 0.060785495 0.07435963 0.050530348 0.079496905 0.12340999 0.047122534 0.09312478 0.05871407 0.04628253 0.066542745 0.04617144 0.079496905 3.6529577 3.3437624 
28 2 10 "2" NA 0 0 1 0 NA 0 12 0 NA NA 62 96 4 500000 NA NA 12 108 2 1 0.21225964 0.78774035 1.0 1.0 0.12861837 2.9588315 3.114966 0.14655522 0.033638768 0.12861837 0.03467665 0.09796711 0.2872474 0.030544281 0.10917212 0.0325434 0.029671421 0.03585345 0.033511825 0.12861837 2.9588315 3.114966 
28 2 11 "2" NA 0 0 1 0 NA 0 12 0 NA NA 64 96 4 500000 NA NA 12 120 2 1 0.19003905 0.80996096 1.0 1.0 0.22838956 2.1304314 3.1042008 0.23899004 0.029666431 0.12501684 0.03439085 0.22838956 0.09028483 0.0327335 0.09033258 0.032249834 0.033241875 0.031792324 0.032911327 0.22838956 2.1304314 3.1042008 
28 2 12 "2" NA 0 0 1 0 NA 0 12 0 NA NA 65 96 4 500000 NA NA 12 132 2 2 0.08416745 0.9158325 1.0 1.0 0.16646898 2.5866747 2.6639743 0.10565015 0.019329704 0.4242964 0.019628618 0.10107403 0.16646898 0.018758044 0.06735042 0.019329704 0.018867288 0.019761303 0.019485392 0.16646898 2.5866747 2.6639743 
28 2 13 "2" NA 0 0 1 0 NA 0 12 0 NA NA 67 96 4 500000 NA NA 12 144 3 1 0.22057068 0.7794293 1.0 0.99999994 0.08923073 3.4863157 3.056529 0.12611213 0.03357874 0.3372043 0.03271761 0.12432961 0.07997596 0.029050242 0.08923073 0.029918585 0.04096458 0.044821754 0.032095682 0.08923073 3.4863157 3.056529 
28 2 14 "2" NA 0 0 1 0 NA 0 12 0 NA NA 60 96 4 500000 NA NA 12 156 3 1 0.25602302 0.743977 1.0 1.0 0.21642078 2.208089 3.0737467 0.21642078 0.02745065 0.15963323 0.037722256 0.24040858 0.07854518 0.034528304 0.08801686 0.02491365 0.021992551 0.034431823 0.035936013 0.21642078 2.208089 3.0737467 
28 2 15 "2" NA 0 0 1 0 NA 0 12 0 NA NA 67 96 4 500000 NA NA 12 168 3 2 0.108096294 0.8919037 1.0 1.0 0.18465465 2.4370985 2.4747975 0.08631096 0.014736686 0.46420157 0.014574039 0.10125557 0.06088787 0.014631927 0.18465465 0.014248237 0.014220647 0.015897943 0.01437995 0.18465465 2.4370985 2.4747975 
28 2 16 "2" NA 0 0 1 0 NA 0 12 0 NA NA 65 96 4 500000 NA NA 12 180 3 2 0.08306491 0.91693515 1.0 1.0 0.059888884 4.0615683 2.5522604 0.40284738 0.014815216 0.14070728 0.013352219 0.20859224 0.059888884 0.013476982 0.09187874 0.013401733 0.013825634 0.01358562 0.013628135 0.059888884 4.0615683 2.5522604 
28 2 17 "2" NA 0 0 1 0 NA 0 12 0 NA NA 67 96 4 500000 NA NA 12 192 3 1 0.10466247 0.8953375 0.99999994 1.0 0.23712972 2.0762515 2.60566 0.12208537 0.009848435 0.32229644 0.009255733 0.12318926 0.12423766 0.0108088795 0.23712972 0.010100443 0.010755562 0.009949276 0.010343117 0.23712972 2.0762515 2.60566 
28 2 18 "2" NA 0 0 1 0 NA 0 12 0 NA NA 64 96 4 500000 NA NA 12 204 3 2 0.12831073 0.87168926 1.0 1.0 0.19496086 2.3587437 2.5827844 0.33762053 0.009485778 0.14570633 0.0090091415 0.19496086 0.16608731 0.009549802 0.0886019 0.01025202 0.008488324 0.011065498 0.009172463 0.19496086 2.3587437 2.5827844 
28 2 19 "2" NA 0 0 1 0 NA 0 12 0 NA NA 65 96 4 500000 NA NA 12 216 4 2 0.044500887 0.9554991 1.0 1.0 0.49262202 1.0214471 2.1382747 0.07949238 0.005365913 0.23701547 0.0052763904 0.073578365 0.49262202 0.0055167177 0.079406485 0.005247223 0.005460592 0.005319019 0.0056994106 0.49262202 1.0214471 2.1382747 
28 2 20 "2" NA 0 0 1 0 NA 0 12 0 NA NA 62 96 4 500000 NA NA 12 228 3 3 0.064963035 0.93503696 1.0 1.0 0.4485256 1.1567378 2.3388433 0.09930019 0.0078017595 0.4485256 0.007421051 0.09888474 0.098442525 0.0069609345 0.20384364 0.0070215804 0.0075803343 0.0070492886 0.0071683535 0.4485256 1.1567378 2.3388433 
28 2 21 "2" NA 0 0 1 0 NA 0 12 0 NA NA 60 96 4 500000 NA NA 12 240 4 2 0.114864424 0.88513553 0.99999994 1.0 0.45865694 1.1245126 2.3344433 0.45865694 0.0073351036 0.10946916 0.0076594125 0.19485585 0.091513686 0.007841471 0.09172666 0.0077084424 0.008159729 0.0076463185 0.0074270824 0.45865694 1.1245126 2.3344433 
28 2 22 "2" NA 0 0 1 0 NA 0 12 0 NA NA 64 96 4 500000 NA NA 12 252 5 2 0.07948721 0.9205128 0.99999994 0.99999994 0.075500645 3.7273672 2.0920377 0.06671144 0.0063758246 0.21555208 0.0055587133 0.075500645 0.075891174 0.0059662275 0.5255465 0.005549419 0.005893865 0.0058942544 0.005560027 0.075500645 3.7273672 2.0920377 
28 2 23 "2" NA 0 0 1 0 NA 0 12 0 NA NA 60 96 4 500000 NA NA 12 264 3 1 0.05241885 0.9475811 1.0 1.0 0.084646955 3.562398 2.3278651 0.084646955 0.0058530513 0.27276245 0.0061005643 0.1215166 0.39195234 0.0058696633 0.08731977 0.0059709535 0.006221399 0.0058530513 0.0059332163 0.084646955 3.562398 2.3278651 
28 2 24 "2" NA 0 0 1 0 NA 0 12 0 NA NA 67 96 4 500000 NA NA 12 276 3 1 0.11134619 0.88865376 1.0 1.0 0.24863146 2.0079193 2.5870228 0.13185759 0.00818774 0.21911637 0.009111208 0.24461392 0.09873117 0.007961799 0.24863146 0.007961799 0.007873567 0.00766903 0.00828436 0.24863146 2.0079193 2.5870228 
28 2 25 "2" NA 0 0 1 0 NA 0 12 0 NA NA 60 96 4 500000 NA NA 12 288 3 2 0.061447546 0.9385525 1.0 1.0 0.2797686 1.8376942 2.4242656 0.2797686 0.0053523877 0.11133346 0.0053496747 0.24350598 0.25574923 0.0053866077 0.07170724 0.0053643426 0.0055778753 0.0054186955 0.0054858434 0.2797686 1.8376942 2.4242656 
28 2 26 "2" NA 0 0 1 0 NA 0 12 0 NA NA 62 96 4 500000 NA NA 12 300 3 3 0.044875287 0.9551247 1.0 1.0 0.3927546 1.3482999 2.2712133 0.090025276 0.004506001 0.3927546 0.0044852877 0.15435787 0.066988446 0.0044926754 0.2646088 0.0044433866 0.004439813 0.0044373404 0.004460393 0.3927546 1.3482999 2.2712133 
28 2 27 "2" NA 0 0 1 0 NA 0 12 0 NA NA 60 96 4 500000 NA NA 12 312 4 2 0.062027678 0.9379723 1.0 1.0 0.22177376 2.1728394 2.2867823 0.22177376 0.006198047 0.11292044 0.0061508943 0.447774 0.08842736 0.006093158 0.08595227 0.0062412517 0.0060772197 0.0063204337 0.0060711117 0.22177376 2.1728394 2.2867823 
28 2 28 "2" NA 0 0 1 0 NA 0 12 0 NA NA 71 96 4 500000 NA NA 12 324 3 2 0.066455685 0.9335442 1.0 1.0 0.0057752985 7.435889 2.4283564 0.105164 0.005868912 0.18554826 0.0057741585 0.28479913 0.0817181 0.00587388 0.3019825 0.005766085 0.0060420004 0.0056876848 0.0057752985 0.0057752985 7.435889 2.4283564 
28 2 29 "2" NA 0 0 1 0 NA 0 12 0 NA NA 60 96 4 500000 NA NA 12 336 3 0 0.32109347 0.67890656 1.0 1.0 0.13462137 2.8930206 3.1936865 0.13462137 0.03548674 0.13981016 0.028405823 0.23272316 0.124474235 0.026148893 0.11822786 0.025118833 0.034417175 0.032355577 0.068210095 0.13462137 2.8930206 3.1936865 
28 2 30 "2" NA 0 0 1 0 NA 0 12 0 NA NA 64 96 4 500000 NA NA 12 348 3 1 0.19949841 0.8005016 1.0 1.0 0.19155896 2.3841395 3.0218678 0.09320905 0.019390518 0.19437937 0.01767907 0.19155896 0.09528452 0.018681781 0.19163738 0.01781904 0.017970748 0.018068232 0.12432131 0.19155896 2.3841395 3.0218678 
28 2 31 "2" NA 0 0 1 0 NA 0 12 0 NA NA 67 96 4 500000 NA NA 12 360 4 2 0.13227692 0.86772317 1.0 1.0 0.06903987 3.8564265 2.6632044 0.32519862 0.011102206 0.16203567 0.01197464 0.09132905 0.24264596 0.011648982 0.06903987 0.012018267 0.01133091 0.011362342 0.0403135 0.06903987 3.8564265 2.6632044 
28 2 32 "2" NA 0 0 1 0 NA 0 12 0 NA NA 64 96 4 500000 NA NA 12 372 4 1 0.27186796 0.728132 1.0 1.0 0.24060681 2.0552506 3.0038567 0.17372577 0.018297987 0.117276356 0.01629051 0.24060681 0.17270799 0.018297987 0.094649136 0.01629051 0.024022827 0.017118333 0.090715826 0.24060681 2.0552506 3.0038567 
28 3 1 "3" NA 0 0 1 0 NA 0 0 0 NA NA 60 96 4 500000 NA NA 12 0 0 0 0.5001293 0.49987063 1.0 1.0 0.08323779 3.5866177 3.5847986 0.08323779 0.0823226 0.082442544 0.08208218 0.08280134 0.08359317 0.08406469 0.08418215 0.08311898 0.08378996 0.08343541 0.08488354 0.08323779 3.5866177 3.5847986 
28 3 2 "3" NA 0 0 1 0 NA 0 12 0 NA NA 64 96 4 500000 NA NA 12 12 1 0 0.27909726 0.7209028 1.0 1.0 0.07117312 3.8125238 3.4881566 0.20042974 0.076050185 0.075703 0.073339246 0.07117312 0.073339246 0.076393306 0.068143256 0.07096756 0.07055178 0.070760466 0.073149085 0.07117312 3.8125238 3.4881566 
28 3 3 "3" NA 0 0 1 0 NA 0 12 0 NA NA 67 96 4 500000 NA NA 12 24 2 0 0.3207701 0.67923 1.0 1.0 0.06526284 3.9375944 3.4606872 0.17224407 0.06414073 0.06840519 0.071268454 0.16451637 0.07034132 0.06526284 0.06526284 0.06526284 0.06739201 0.06414073 0.061762616 0.06526284 3.9375944 3.4606872 
28 3 4 "3" NA 0 0 1 0 NA 0 12 0 NA NA 60 96 4 500000 NA NA 12 36 3 0 0.43621323 0.5637867 1.0 1.0 0.1282471 2.963002 3.4862835 0.1282471 0.063286215 0.07188378 0.05252088 0.16254723 0.07675908 0.063286215 0.10327615 0.05252088 0.09794786 0.056868516 0.070856236 0.1282471 2.963002 3.4862835 
28 3 5 "3" NA 0 0 1 0 NA 0 12 0 NA NA 71 96 4 500000 NA NA 12 48 3 1 0.21899909 0.7810009 1.0 0.99999994 0.05141011 4.281804 3.2088711 0.093297884 0.057865247 0.051609214 0.05420158 0.3171479 0.05531332 0.052872114 0.121769525 0.048340954 0.048151508 0.048020795 0.05141011 0.05141011 4.281804 3.2088711 
28 3 6 "3" NA 0 0 1 0 NA 0 12 0 NA NA 60 96 4 500000 NA NA 12 60 4 0 0.7267887 0.27321124 1.0 0.99999994 0.057299327 4.125338 3.3233278 0.057299327 0.06053459 0.045084003 0.101526774 0.06448327 0.10815457 0.25804237 0.07137754 0.03948884 0.10286507 0.041385226 0.04975836 0.057299327 4.125338 3.3233278 
28 3 7 "3" NA 0 0 1 0 NA 0 12 0 NA NA 69 96 4 500000 NA NA 12 72 3 1 0.288697 0.711303 1.0 1.0 0.048664622 4.360983 3.2734745 0.06472586 0.054325256 0.054968476 0.047525756 0.23000115 0.04891356 0.051475476 0.095367864 0.048071247 0.048664622 0.04904711 0.2069136 0.048664622 4.360983 3.2734745 
28 3 8 "3" NA 0 0 1 0 NA 0 12 0 NA NA 71 96 4 500000 NA NA 12 84 3 0 0.5822038 0.41779616 0.99999994 1.0 0.08914956 3.4876287 3.4435327 0.06852289 0.0670921 0.05919444 0.053850327 0.11643107 0.053850327 0.051982783 0.20712854 0.074663885 0.071331345 0.08680275 0.08914956 0.08914956 3.4876287 3.4435327 
28 3 9 "3" NA 0 0 1 0 NA 0 12 0 NA NA 67 96 4 500000 NA NA 12 96 3 1 0.4593528 0.54064715 1.0 0.99999994 0.08593278 3.5406477 3.4756389 0.16720143 0.043268997 0.106267475 0.05212726 0.108223945 0.054351714 0.06761727 0.08593278 0.11474314 0.06612083 0.06140723 0.07273798 0.08593278 3.5406477 3.4756389 
28 3 10 "3" NA 0 0 1 0 NA 0 12 0 NA NA 60 96 4 500000 NA NA 12 108 3 1 0.4477845 0.55221546 1.0 1.0 0.36732247 1.444881 3.0769076 0.36732247 0.034933787 0.0642035 0.038106866 0.06458891 0.039094787 0.046878077 0.11366582 0.053488605 0.0794556 0.04098343 0.057278093 0.36732247 1.444881 3.0769076 
28 3 11 "3" NA 0 0 1 0 NA 0 12 0 NA NA 64 96 4 500000 NA NA 12 120 4 2 0.96797055 0.032029405 1.0 1.0 0.023161616 5.4321203 1.8650444 0.005267983 0.6980251 0.028177721 0.03614569 0.023161616 0.024558052 0.026771104 0.017360406 0.07203528 0.022132259 0.020491323 0.025873493 0.023161616 5.4321203 1.8650444 
28 3 12 "3" NA 0 0 1 0 NA 0 12 0 NA NA 67 96 4 500000 NA NA 12 132 3 1 0.66691226 0.33308777 1.0 1.0 0.10758499 3.2164512 3.291879 0.05427614 0.04458547 0.24171257 0.055506017 0.049335755 0.054015268 0.046222474 0.10758499 0.046222474 0.0679303 0.17594516 0.05666327 0.10758499 3.2164512 3.291879 
28 3 13 "3" NA 0 0 1 0 NA 0 12 0 NA NA 65 96 4 500000 NA NA 12 144 3 1 0.027107447 0.97289264 1.0 1.0 0.020029522 5.641728 2.1502705 0.6295443 0.019851018 0.019937487 0.019622333 0.050745208 0.020029522 0.019851018 0.079121225 0.019622333 0.051495712 0.019719552 0.050460387 0.020029522 5.641728 2.1502705 
28 3 14 "3" NA 0 0 1 0 NA 0 12 0 NA NA 67 96 4 500000 NA NA 12 156 4 0 0.8680937 0.13190623 1.0 1.0 0.039968047 4.645009 2.9020221 0.035595406 0.037716378 0.3837839 0.022539686 0.03835467 0.014673403 0.039881267 0.039968047 0.14021842 0.095314726 0.11332688 0.0386273 0.039968047 4.645009 2.9020221 
28 3 15 "3" NA 0 0 1 0 NA 0 12 0 NA NA 64 96 4 500000 NA NA 12 168 3 1 0.31681705 0.68318295 1.0 1.0 0.11097947 3.1716352 3.2880836 0.24609551 0.045387115 0.037802085 0.03996223 0.11097947 0.16511333 0.04614727 0.057784464 0.054983545 0.058506154 0.0663916 0.0708472 0.11097947 3.1716352 3.2880836 
28 3 16 "3" NA 0 0 1 0 NA 0 12 0 NA NA 65 96 4 500000 NA NA 12 180 4 1 0.035860673 0.9641394 1.0 0.99999994 0.04864782 4.361481 2.2233324 0.047096867 0.020391034 0.020341666 0.020157719 0.06890124 0.04864782 0.02074729 0.6168437 0.020067878 0.04784026 0.020288851 0.048675653 0.04864782 4.361481 2.2233324 
28 3 17 "3" NA 0 0 1 0 NA 0 12 0 NA NA 62 96 4 500000 NA NA 12 192 4 1 0.5254071 0.47459298 1.0 0.99999994 0.14726312 2.763532 3.4213026 0.063723914 0.09244355 0.14726312 0.06168112 0.07781832 0.07504796 0.03675605 0.17143294 0.03942741 0.11837216 0.04070349 0.075329944 0.14726312 2.763532 3.4213026 
28 3 18 "3" NA 0 0 1 0 NA 0 12 0 NA NA 60 96 4 500000 NA NA 12 204 4 0 0.80356944 0.19643053 0.99999994 1.0 0.36936164 1.436894 3.076473 0.36936164 0.04054244 0.017024394 0.054872595 0.07423416 0.057681814 0.06467365 0.058627486 0.05737758 0.09973891 0.05421972 0.051645625 0.36936164 1.436894 3.076473 
28 3 19 "3" NA 0 0 1 0 NA 0 12 0 NA NA 71 96 4 500000 NA NA 12 216 6 1 0.5698449 0.43015522 1.0 1.0 0.073168755 3.7726285 3.0252347 0.01848163 0.06796604 0.045854658 0.03179802 0.36727116 0.056164768 0.048103865 0.11904337 0.031418808 0.100180976 0.040547848 0.073168755 0.073168755 3.7726285 3.0252347 
28 3 20 "3" NA 0 0 1 0 NA 0 12 0 NA NA 69 96 4 500000 NA NA 12 228 3 2 0.21875736 0.78124267 1.0 0.99999994 0.06528627 3.9370763 3.1128452 0.3063481 0.036088552 0.056169245 0.031699188 0.10662055 0.08624196 0.029960774 0.16564624 0.029151568 0.06528627 0.033622976 0.053164586 0.06528627 3.9370763 3.1128452 
28 3 21 "3" NA 0 0 1 0 NA 0 12 0 NA NA 67 96 4 500000 NA NA 12 240 4 1 0.47994256 0.52005744 1.0 1.0 0.22122008 2.1764457 3.3781805 0.058857862 0.06218191 0.06451005 0.03654709 0.08407221 0.12128288 0.055769432 0.22122008 0.038345456 0.08709552 0.05448819 0.11562931 0.22122008 2.1764457 3.3781805 
28 3 22 "3" NA 0 0 1 0 NA 0 12 0 NA NA 65 96 4 500000 NA NA 12 252 3 1 0.42588523 0.5741148 1.0 1.0 0.2742729 1.866316 3.199474 0.14227316 0.037946895 0.05528981 0.034777436 0.13819803 0.2742729 0.028687887 0.08080713 0.03968841 0.0690655 0.034777436 0.064215444 0.2742729 1.866316 3.199474 
28 3 23 "3" NA 0 0 1 0 NA 0 12 0 NA NA 64 96 4 500000 NA NA 12 264 4 2 0.3638534 0.63614666 1.0 0.99999994 0.16975494 2.5584745 3.195482 0.0519998 0.031042311 0.16869935 0.025017371 0.16975494 0.084020846 0.031777047 0.22661068 0.03389236 0.07371101 0.032161377 0.07131287 0.16975494 2.5584745 3.195482 
28 3 24 "3" NA 0 0 1 0 NA 0 12 0 NA NA 62 96 4 500000 NA NA 12 276 4 1 0.40284106 0.59715897 1.0 1.0 0.07513648 3.7343426 3.371967 0.13657302 0.04165283 0.07513648 0.040835567 0.05725589 0.15647276 0.05255995 0.18136792 0.03807195 0.081601426 0.044219192 0.094252996 0.07513648 3.7343426 3.371967 
28 3 25 "3" NA 0 0 1 0 NA 0 12 0 NA NA 60 96 4 500000 NA NA 12 288 3 1 0.26234227 0.7376577 1.0 1.0 0.26001373 1.9433403 3.2391484 0.26001373 0.027600242 0.064366885 0.036283072 0.12195946 0.09682288 0.035300847 0.12147775 0.030576752 0.098469004 0.035435144 0.07169414 0.26001373 1.9433403 3.2391484 
28 3 26 "3" NA 0 0 1 0 NA 0 12 0 NA NA 64 96 4 500000 NA NA 12 300 3 2 0.14546953 0.85453045 0.99999994 1.0 0.21472888 2.2194118 2.815755 0.03137501 0.015925877 0.06765353 0.015368434 0.21472888 0.061465226 0.0159554 0.07867686 0.015321437 0.13478757 0.014869106 0.33387265 0.21472888 2.2194118 2.815755 
28 3 27 "3" NA 0 0 1 0 NA 0 12 0 NA NA 62 96 4 500000 NA NA 12 312 3 2 0.023969151 0.9760309 1.0 0.99999994 0.088694416 3.4950128 2.1083078 0.027356857 0.009327741 0.088694416 0.0094902385 0.06183448 0.089747585 0.009339837 0.6120841 0.009401477 0.04600806 0.009327741 0.027387379 0.088694416 3.4950128 2.1083078 
28 3 28 "3" NA 0 0 1 0 NA 0 12 0 NA NA 71 96 4 500000 NA NA 12 324 3 1 0.022728868 0.9772712 1.0 0.99999994 0.03028347 5.0453258 2.0936825 0.63034225 0.0104060415 0.048122548 0.010398875 0.069161296 0.050344612 0.010354556 0.06913759 0.010464906 0.050570637 0.010413262 0.03028347 0.03028347 5.0453258 2.0936825 
28 3 29 "3" NA 0 0 1 0 NA 0 12 0 NA NA 60 96 4 500000 NA NA 12 336 3 1 0.2802943 0.71970576 1.0 1.0 0.15779914 2.6638389 3.1807475 0.15779914 0.021836657 0.07644808 0.020314235 0.10825903 0.09148192 0.027121063 0.18828821 0.01997196 0.18516488 0.025262173 0.07805268 0.15779914 2.6638389 3.1807475 
28 3 30 "3" NA 0 0 1 0 NA 0 12 0 NA NA 64 96 4 500000 NA NA 12 348 4 2 0.12472072 0.87527925 1.0 1.0 0.27425888 1.8663898 2.65699 0.028309384 0.010352576 0.057228383 0.01010215 0.27425888 0.056170836 0.010456643 0.07463753 0.012165234 0.33462533 0.011261281 0.12043177 0.27425888 1.8663898 2.65699 
28 3 31 "3" NA 0 0 1 0 NA 0 12 0 NA NA 67 96 4 500000 NA NA 12 360 4 2 0.08042054 0.9195794 1.0 1.0 0.35977182 1.474846 2.5382524 0.028845433 0.008046057 0.28618395 0.00897235 0.07307147 0.11374694 0.0082847 0.35977182 0.008443397 0.048764285 0.008160156 0.047709435 0.35977182 1.474846 2.5382524 
28 3 32 "3" NA 0 0 1 0 NA 0 12 0 NA NA 64 96 4 500000 NA NA 12 372 4 3 0.18341571 0.8165843 1.0 0.99999994 0.18017183 2.4725547 2.863052 0.2612606 0.011931336 0.060194276 0.011031648 0.18017183 0.22862878 0.011931336 0.07140505 0.011031648 0.06858521 0.011406791 0.07242142 0.18017183 2.4725547 2.863052 
28 4 1 "4" NA 0 0 1 0 NA 0 0 0 NA NA 60 96 4 500000 NA NA 12 0 0 0 0.5001391 0.49986085 1.0 1.0 0.08340888 3.583655 3.5847857 0.08340888 0.08221863 0.08245806 0.081978515 0.082974434 0.0836056 0.08395855 0.084310025 0.08301403 0.08376265 0.08333005 0.08493128 0.08340888 3.583655 3.5847857 
28 4 2 "4" NA 0 0 1 0 NA 0 12 0 NA NA 60 96 4 500000 NA NA 12 12 1 0 0.2790224 0.72097766 1.0 1.0 0.20019068 2.3205533 3.4885306 0.20019068 0.07593954 0.07559297 0.07323328 0.07187672 0.07323328 0.076282084 0.06804613 0.070865646 0.0706589 0.0706589 0.07342185 0.20019068 2.3205533 3.4885306 
28 4 3 "4" NA 0 0 1 0 NA 0 12 0 NA NA 70 96 4 500000 NA NA 12 24 2 1 0.30831978 0.69168025 1.0 1.0 0.06572194 3.9274812 3.5223026 0.17131463 0.07716283 0.07686392 0.08027489 0.06697473 0.06837287 0.09095167 0.07060772 0.07288508 0.07845892 0.06572194 0.08041081 0.06572194 3.9274812 3.5223026 
28 4 4 "4" NA 0 0 1 0 NA 0 12 0 NA NA 68 96 4 500000 NA NA 12 36 2 0 0.32480064 0.67519933 1.0 1.0 0.058326226 4.0997114 3.4690592 0.16503529 0.06363631 0.06815725 0.06482875 0.07020118 0.06815725 0.06708567 0.07117834 0.058326226 0.07020118 0.16503529 0.06815725 0.058326226 4.0997114 3.4690592 
28 4 5 "4" NA 0 0 1 0 NA 0 12 0 NA NA 67 96 4 500000 NA NA 12 48 3 0 0.60229516 0.3977048 1.0 1.0 0.06315336 3.984997 3.4673767 0.11888945 0.06315336 0.06503672 0.06688474 0.06503672 0.19226629 0.048720874 0.06315336 0.0838452 0.078992814 0.090867065 0.06315336 0.06315336 3.984997 3.4673767 
28 4 6 "4" NA 0 0 1 0 NA 0 12 0 NA NA 65 96 4 500000 NA NA 12 60 3 0 0.4831778 0.5168221 1.0 1.0 0.06168537 4.0189276 3.5245645 0.09709126 0.05862369 0.08725991 0.08303738 0.055380568 0.06168537 0.053680252 0.08528786 0.11697905 0.10318169 0.13179822 0.065994844 0.06168537 4.0189276 3.5245645 
28 4 7 "4" NA 0 0 1 0 NA 0 12 0 NA NA 63 96 4 500000 NA NA 12 72 3 0 0.5360901 0.46390995 1.0 1.0 0.044170573 4.5007706 3.527771 0.08147758 0.09935918 0.073215656 0.044170573 0.08106143 0.047137488 0.10076138 0.1194862 0.102357514 0.09838046 0.09474915 0.057843335 0.044170573 4.5007706 3.527771 
28 4 8 "4" NA 0 0 1 0 NA 0 12 0 NA NA 62 96 4 500000 NA NA 12 84 2 0 0.49668038 0.5033196 1.0 1.0 0.06912634 3.8546207 3.5467324 0.105363525 0.067842655 0.06912634 0.044458132 0.08532233 0.109871015 0.0752128 0.10195852 0.09616501 0.07403607 0.099327154 0.07131652 0.06912634 3.8546207 3.5467324 
28 4 9 "4" NA 0 0 1 0 NA 0 12 0 NA NA 63 96 4 500000 NA NA 12 96 3 0 0.56874233 0.43125767 1.0 1.0 0.0641969 3.9613523 3.5073755 0.089359246 0.049949437 0.038656324 0.0641969 0.105695486 0.08978897 0.06141115 0.10962501 0.10073395 0.085384645 0.13811457 0.06708432 0.0641969 3.9613523 3.5073755 
28 4 10 "4" NA 0 0 1 0 NA 0 12 0 NA NA 63 96 4 500000 NA NA 12 108 2 1 0.37430972 0.6256903 1.0 0.99999994 0.05104575 4.2920656 3.5026052 0.09094255 0.07006589 0.17130178 0.05104575 0.06639639 0.094404355 0.058774482 0.09687513 0.07467977 0.06495583 0.09435815 0.06620004 0.05104575 4.2920656 3.5026052 
28 4 11 "4" NA 0 0 1 0 NA 0 12 0 NA NA 62 96 4 500000 NA NA 12 120 3 1 0.9211212 0.0788788 1.0 1.0 0.570791 0.80896544 2.3917675 0.027859557 0.027789108 0.570791 0.008132282 0.088337734 0.055171113 0.047290813 0.027330006 0.044598863 0.028290628 0.045867883 0.028541103 0.570791 0.80896544 2.3917675 
28 4 12 "4" NA 0 0 1 0 NA 0 12 0 NA NA 60 96 4 500000 NA NA 12 132 3 1 0.87635505 0.12364494 1.0 1.0 0.04848427 4.3663397 2.7597783 0.04848427 0.03490349 0.035469234 0.039990056 0.05652159 0.052707892 0.48620573 0.039872486 0.058956068 0.03490349 0.06511198 0.046873663 0.04848427 4.3663397 2.7597783 
28 4 13 "4" NA 0 0 1 0 NA 0 12 0 NA NA 70 96 4 500000 NA NA 12 144 3 1 0.37794307 0.6220569 1.0 1.0 0.1460131 2.7758303 3.5184407 0.0985555 0.057189006 0.09113554 0.103111036 0.06011147 0.08248949 0.057462633 0.07420785 0.10533369 0.071016684 0.1460131 0.05337399 0.1460131 2.7758303 3.5184407 
28 4 14 "4" NA 0 0 1 0 NA 0 12 0 NA NA 68 96 4 500000 NA NA 12 156 3 1 0.47870985 0.5212902 1.0 1.0 0.33663446 1.5707452 3.1970904 0.06890895 0.04419055 0.07017537 0.08052511 0.05107094 0.07017537 0.047765817 0.07480765 0.33663446 0.05107094 0.055780318 0.04889458 0.33663446 1.5707452 3.1970904 
28 4 15 "4" NA 0 0 1 0 NA 0 12 0 NA NA 67 96 4 500000 NA NA 12 168 4 1 0.6917387 0.30826125 1.0 1.0 0.20367311 2.2956727 3.1644454 0.07302383 0.04460158 0.05712202 0.0668438 0.046132572 0.28274176 0.033108167 0.20367311 0.043151353 0.057673283 0.04732708 0.04460158 0.20367311 2.2956727 3.1644454 
28 4 16 "4" NA 0 0 1 0 NA 0 12 0 NA NA 66 96 4 500000 NA NA 12 180 4 1 0.4909579 0.50904214 1.0 1.0 0.03774933 4.727405 3.1910453 0.070221715 0.041284207 0.08143431 0.09868803 0.038964596 0.32842875 0.03774933 0.05007653 0.064834766 0.067501456 0.07425246 0.046563864 0.03774933 4.727405 3.1910453 
28 4 17 "4" NA 0 0 1 0 NA 0 12 0 NA NA 67 96 4 500000 NA NA 12 192 3 0 0.53787565 0.46212435 1.0 1.0 0.069821626 3.8401823 3.5172606 0.10092154 0.052680846 0.124289244 0.08707157 0.05939888 0.1201931 0.06527581 0.069821626 0.087748796 0.06252337 0.117394425 0.052680846 0.069821626 3.8401823 3.5172606 
28 4 18 "4" NA 0 0 1 0 NA 0 12 0 NA NA 67 96 4 500000 NA NA 12 204 3 1 0.72420734 0.27579266 1.0 1.0 0.03905399 4.678386 3.0944495 0.058731813 0.039121322 0.04742852 0.06903293 0.044306118 0.08305519 0.36308256 0.03905399 0.043318495 0.11096249 0.049433004 0.052473508 0.03905399 4.678386 3.0944495 
28 4 19 "4" NA 0 0 1 0 NA 0 12 0 NA NA 65 96 4 500000 NA NA 12 216 3 1 0.6709917 0.3290083 1.0 1.0 0.106911145 3.2255156 3.4032602 0.06733104 0.06590463 0.04229531 0.05168482 0.046823177 0.106911145 0.067720965 0.14257626 0.05625777 0.061296813 0.08567028 0.20552781 0.106911145 3.2255156 3.4032602 
28 4 20 "4" NA 0 0 1 0 NA 0 12 0 NA NA 63 96 4 500000 NA NA 12 228 3 1 0.5241082 0.47589186 1.0 1.0 0.11242561 3.1529572 3.4381356 0.15239094 0.051030602 0.17487992 0.11242561 0.051030602 0.05708451 0.07460897 0.075068615 0.07460897 0.0522901 0.076158494 0.04842281 0.11242561 3.1529572 3.4381356 
28 4 21 "4" NA 0 0 1 0 NA 0 12 0 NA NA 62 96 4 500000 NA NA 12 240 3 2 0.26953483 0.73046523 1.0 1.0 0.34407127 1.5392207 3.1508698 0.08041676 0.037288774 0.34407127 0.09802867 0.042343535 0.0624536 0.06152671 0.0789614 0.05818129 0.03916699 0.059216052 0.038344823 0.34407127 1.5392207 3.1508698 
28 4 22 "4" NA 0 0 1 0 NA 0 12 0 NA NA 60 96 4 500000 NA NA 12 252 4 3 0.37606606 0.6239339 0.99999994 1.0 0.11480278 3.1227705 3.044733 0.11480278 0.032152917 0.04572962 0.37882134 0.045966152 0.054202255 0.050262384 0.07577689 0.056871608 0.040549792 0.06837422 0.03649003 0.11480278 3.1227705 3.044733 
28 4 23 "4" NA 0 0 1 0 NA 0 12 0 NA NA 70 96 4 500000 NA NA 12 264 3 2 0.24365637 0.7563436 1.0 1.0 0.28835312 1.7940916 3.2768633 0.112449974 0.04167262 0.06649932 0.08236138 0.042477593 0.063210584 0.06611321 0.07838713 0.071918 0.04669849 0.28835312 0.039858513 0.28835312 1.7940916 3.2768633 
28 4 24 "4" NA 0 0 1 0 NA 0 12 0 NA NA 68 96 4 500000 NA NA 12 276 3 1 0.23333669 0.7666633 0.99999994 1.0 0.5759351 0.79602176 2.4253452 0.049325597 0.024756132 0.041391745 0.053216908 0.026565317 0.041391745 0.04092319 0.05691181 0.5759351 0.026565317 0.03700968 0.026007356 0.5759351 0.79602176 2.4253452 
28 4 25 "4" NA 0 0 1 0 NA 0 12 0 NA NA 67 96 4 500000 NA NA 12 288 5 1 0.19928129 0.8007187 1.0 1.0 0.57373536 0.8015427 2.430116 0.057786655 0.025201943 0.041346524 0.056333143 0.025448177 0.052926846 0.037577987 0.57373536 0.03813707 0.027138865 0.03916553 0.025201943 0.57373536 0.8015427 2.430116 
28 4 26 "4" NA 0 0 1 0 NA 0 12 0 NA NA 65 96 4 500000 NA NA 12 300 5 5 0.39717278 0.60282725 1.0 1.0 0.17339343 2.527879 2.9004838 0.04774614 0.027040329 0.049058467 0.06181517 0.025804505 0.17339343 0.393787 0.06548953 0.041089788 0.038811844 0.046158556 0.029805275 0.17339343 2.527879 2.9004838 
28 4 27 "4" NA 0 0 1 0 NA 0 12 0 NA NA 63 96 4 500000 NA NA 12 312 4 1 0.12510177 0.8748982 1.0 1.0 0.5758679 0.79619026 2.4226239 0.05596414 0.026195383 0.042161737 0.5758679 0.025169464 0.03865975 0.044981424 0.058678962 0.041210964 0.026265454 0.041413665 0.02343111 0.5758679 0.79619026 2.4226239 
28 4 28 "4" NA 0 0 1 0 NA 0 12 0 NA NA 62 96 4 500000 NA NA 12 324 3 2 0.06313945 0.93686056 0.99999994 1.0 0.6028619 0.7301006 2.2572165 0.046810925 0.018449161 0.6028619 0.09763969 0.019006822 0.033114705 0.032998916 0.04661108 0.03256956 0.01866277 0.03270434 0.018570252 0.6028619 0.7301006 2.2572165 
28 4 29 "4" NA 0 0 1 0 NA 0 12 0 NA NA 60 96 4 500000 NA NA 12 336 5 5 0.496558 0.503442 1.0 1.0 0.16376017 2.6103435 2.9356148 0.16376017 0.028827349 0.037796628 0.39202154 0.04400996 0.047306925 0.04282029 0.061072953 0.050407168 0.036530405 0.061377093 0.0340695 0.16376017 2.6103435 2.9356148 
28 4 30 "4" NA 0 0 1 0 NA 0 12 0 NA NA 63 96 4 500000 NA NA 12 348 4 2 0.057338465 0.9426615 1.0 1.0 0.046178162 4.4366455 2.2574425 0.09884943 0.018581582 0.03297159 0.046178162 0.018665431 0.032580394 0.03292644 0.045643833 0.033585034 0.019086223 0.6025439 0.018387975 0.046178162 4.4366455 2.2574425 
28 4 31 "4" NA 0 0 1 0 NA 0 12 0 NA NA 67 96 4 500000 NA NA 12 360 3 1 0.7818042 0.21819584 0.99999994 1.0 0.05489674 4.1871357 3.0619578 0.050301436 0.24262978 0.061244346 0.012715339 0.04553749 0.085858144 0.03051872 0.05489674 0.055211544 0.047859937 0.2753249 0.0379016 0.05489674 4.1871357 3.0619578 
28 4 32 "4" NA 0 0 1 0 NA 0 12 0 NA NA 63 96 4 500000 NA NA 12 372 3 1 0.4027568 0.59724325 1.0 1.0 0.090562694 3.4649394 3.510717 0.10044093 0.04608571 0.079047866 0.090562694 0.062493727 0.13923433 0.124903284 0.09155872 0.07113722 0.06302491 0.08191345 0.049597193 0.090562694 3.4649394 3.510717 
28 5 1 "5" NA 0 0 1 0 NA 0 0 0 NA NA 60 96 4 500000 NA NA 12 0 0 0 0.50013214 0.49986783 1.0 1.0 0.08350031 3.5820746 3.5847945 0.08350031 0.08211511 0.08251326 0.082155004 0.08286995 0.08361797 0.08389188 0.08443704 0.08302799 0.08365716 0.08334316 0.084824294 0.08350031 3.5820746 3.5847945 
28 5 2 "5" NA 0 0 1 0 NA 0 12 0 NA NA 71 96 4 500000 NA NA 12 12 1 0 0.2782857 0.7217143 1.0 1.0 0.073170185 3.7726004 3.4857302 0.20211338 0.07567252 0.07532808 0.073170185 0.07163438 0.07298276 0.07601295 0.06782652 0.07062936 0.07042384 0.071035795 0.073170185 0.073170185 3.7726004 3.4857302 
28 5 3 "5" NA 0 0 1 0 NA 0 12 0 NA NA 60 96 4 500000 NA NA 12 24 2 0 0.325017 0.6749829 1.0 1.0 0.17804699 2.48967 3.451932 0.17804699 0.071812354 0.06294576 0.06718802 0.06513861 0.071812354 0.06178718 0.068165764 0.05932411 0.06911523 0.060581647 0.16408198 0.17804699 2.48967 3.451932 
28 5 4 "5" NA 0 0 1 0 NA 0 12 0 NA NA 62 96 4 500000 NA NA 12 36 3 1 0.15176113 0.8482389 1.0 1.0 0.04893622 4.3529534 3.0054462 0.13617975 0.048597 0.04893622 0.045868568 0.0499841 0.04653019 0.047803055 0.04498333 0.046120234 0.048104625 0.046792675 0.39010024 0.04893622 4.3529534 3.0054462 
28 5 5 "5" NA 0 0 1 0 NA 0 12 0 NA NA 63 96 4 500000 NA NA 12 48 4 0 0.5146003 0.48539966 1.0 1.0 0.060962077 4.035944 3.3960125 0.24053834 0.0682522 0.04907622 0.060962077 0.057514347 0.07201633 0.07973534 0.055835277 0.064779155 0.059781216 0.082151555 0.10935809 0.060962077 4.035944 3.3960125 
28 5 6 "5" NA 0 0 1 0 NA 0 12 0 NA NA 62 96 4 500000 NA NA 12 60 3 0 0.6713259 0.32867417 1.0 1.0 0.05587382 4.1616836 3.3785973 0.08419181 0.07057512 0.05587382 0.03479599 0.063862294 0.108582415 0.051225018 0.06753979 0.04195566 0.06148444 0.2080654 0.15184824 0.05587382 4.1616836 3.3785973 
28 5 7 "5" NA 0 0 1 0 NA 0 12 0 NA NA 63 96 4 500000 NA NA 12 72 2 1 0.23550785 0.7644922 1.0 1.0 0.26555106 1.9129387 3.299693 0.11477832 0.047238074 0.10211379 0.26555106 0.05377133 0.0516969 0.049310565 0.047961544 0.05327694 0.047238074 0.05471804 0.11234539 0.26555106 1.9129387 3.299693 
28 5 8 "5" NA 0 0 1 0 NA 0 12 0 NA NA 65 96 4 500000 NA NA 12 84 3 1 0.40898743 0.5910125 1.0 1.0 0.05290117 4.2405567 3.3701725 0.099084154 0.05862786 0.1695491 0.20295487 0.05290117 0.05290117 0.048521288 0.05772986 0.04609998 0.05391731 0.056811213 0.100902 0.05290117 4.2405567 3.3701725 
28 5 9 "5" NA 0 0 1 0 NA 0 12 0 NA NA 67 96 4 500000 NA NA 12 96 3 0 0.53402555 0.46597448 1.0 1.0 0.048711743 4.3595867 3.542622 0.098531604 0.09715343 0.092029676 0.06948869 0.101151004 0.075007156 0.048711743 0.048711743 0.101151004 0.09087194 0.07053285 0.10665907 0.048711743 4.3595867 3.542622 
28 5 10 "5" NA 0 0 1 0 NA 0 12 0 NA NA 65 96 4 500000 NA NA 12 108 3 0 0.6726387 0.32736138 0.99999994 1.0 0.070609555 3.8239927 3.4374392 0.07225941 0.08081859 0.06877741 0.07763226 0.07660671 0.070609555 0.16585168 0.02991891 0.0626417 0.045140542 0.16471016 0.08503308 0.070609555 3.8239927 3.4374392 
28 5 11 "5" NA 0 0 1 0 NA 0 12 0 NA NA 67 96 4 500000 NA NA 12 120 3 1 0.35714337 0.64285666 1.0 1.0 0.27369624 1.8693526 3.3218591 0.097980976 0.0478933 0.08494075 0.06631399 0.0478933 0.09307064 0.064699635 0.27369624 0.050970387 0.04869566 0.05168937 0.072155654 0.27369624 1.8693526 3.3218591 
28 5 12 "5" NA 0 0 1 0 NA 0 12 0 NA NA 69 96 4 500000 NA NA 12 132 4 1 0.7145054 0.28549457 1.0 1.0 0.030049685 5.056506 3.2211404 0.04744043 0.055786416 0.045015812 0.051195897 0.16089348 0.072213165 0.058038037 0.018593635 0.18428229 0.030049685 0.22009592 0.05639522 0.030049685 5.056506 3.2211404 
28 5 13 "5" NA 0 0 1 0 NA 0 12 0 NA NA 71 96 4 500000 NA NA 12 144 2 0 0.49446478 0.5055352 1.0 1.0 0.07732669 3.6928895 3.568128 0.11419455 0.0704223 0.0846217 0.10149584 0.0704223 0.09552569 0.07648636 0.08226354 0.07792708 0.07732669 0.0719873 0.07732669 0.07732669 3.6928895 3.568128 
28 5 14 "5" NA 0 0 1 0 NA 0 12 0 NA NA 60 96 4 500000 NA NA 12 156 3 1 0.57846004 0.42154002 0.99999994 0.99999994 0.12316429 3.0213442 3.4015613 0.12316429 0.044120215 0.20363635 0.070623554 0.052644886 0.13876426 0.051023856 0.076294914 0.057304163 0.053514354 0.06856522 0.060343966 0.12316429 3.0213442 3.4015613 
28 5 15 "5" NA 0 0 1 0 NA 0 12 0 NA NA 62 96 4 500000 NA NA 12 168 3 2 0.2347701 0.76522994 1.0 0.99999994 0.2968339 1.7522722 3.2286234 0.047060654 0.04495877 0.2968339 0.06598345 0.047186762 0.07329298 0.04583616 0.07073754 0.045475706 0.06767897 0.048056472 0.14689854 0.2968339 1.7522722 3.2286234 
28 5 16 "5" NA 0 0 1 0 NA 0 12 0 NA NA 63 96 4 500000 NA NA 12 180 3 1 0.059592735 0.9404073 1.0 1.0 0.558687 0.8398879 2.4978025 0.050026085 0.029476363 0.045009207 0.558687 0.02906088 0.05036165 0.02999261 0.04902001 0.029463958 0.04940919 0.030107662 0.04938542 0.558687 0.8398879 2.4978025 
28 5 17 "5" NA 0 0 1 0 NA 0 12 0 NA NA 65 96 4 500000 NA NA 12 192 4 3 0.5602932 0.43970683 0.99999994 0.99999994 0.108243465 3.207648 2.9442801 0.047329936 0.041505292 0.40905795 0.03818929 0.036053758 0.108243465 0.03202818 0.051973928 0.029859051 0.047329936 0.08930694 0.069122195 0.108243465 3.207648 2.9442801 
28 5 18 "5" NA 0 0 1 0 NA 0 12 0 NA NA 63 96 4 500000 NA NA 12 204 4 1 0.12608105 0.8739189 0.99999994 1.0 0.049325168 4.341532 2.7044716 0.053564265 0.03550287 0.052707873 0.049325168 0.03587547 0.050223183 0.030530283 0.50307924 0.03587547 0.056893833 0.041846342 0.054576043 0.049325168 4.341532 2.7044716 
28 5 19 "5" NA 0 0 1 0 NA 0 12 0 NA NA 62 96 4 500000 NA NA 12 216 3 1 0.43812096 0.5618791 1.0 0.99999994 0.14997208 2.737234 3.4702177 0.08283204 0.053750545 0.14997208 0.04861559 0.093650036 0.15988459 0.059066292 0.080707 0.053935237 0.08243892 0.05550312 0.079644546 0.14997208 2.737234 3.4702177 
28 5 20 "5" NA 0 0 1 0 NA 0 12 0 NA NA 60 96 4 500000 NA NA 12 228 3 1 0.015547204 0.9844528 1.0 1.0 0.03695395 4.7581277 1.9891903 0.03695395 0.019776588 0.036337156 0.6805903 0.02004031 0.036593404 0.019832727 0.036669992 0.019934278 0.036646884 0.020057552 0.036566947 0.03695395 4.7581277 1.9891903 
28 5 21 "5" NA 0 0 1 0 NA 0 12 0 NA NA 70 96 4 500000 NA NA 12 240 4 1 0.40808478 0.59191525 1.0 1.0 0.07167259 3.8024347 3.449294 0.048574056 0.052046854 0.15503564 0.13638766 0.052661225 0.0731409 0.052315783 0.065244965 0.0574339 0.09098727 0.07167259 0.14449926 0.07167259 3.8024347 3.449294 
28 5 22 "5" NA 0 0 1 0 NA 0 12 0 NA NA 68 96 4 500000 NA NA 12 252 3 0 0.9326808 0.067319304 1.0 1.0 0.529662 0.916856 2.6140928 0.030285865 0.03664046 0.04627131 0.0410256 0.04857383 0.04627131 0.042637385 0.05240825 0.529662 0.050368685 0.02958399 0.04627131 0.529662 0.916856 2.6140928 
28 5 23 "5" NA 0 0 1 0 NA 0 12 0 NA NA 67 96 4 500000 NA NA 12 264 5 0 0.9536248 0.046375226 1.0 1.0 0.56148803 0.83267283 2.4221885 0.04093224 0.03203977 0.034202848 0.036234543 0.033565726 0.11148735 0.021246087 0.56148803 0.023234712 0.04653077 0.026390027 0.032647926 0.56148803 0.83267283 2.4221885 
28 5 24 "5" NA 0 0 1 0 NA 0 12 0 NA NA 66 96 4 500000 NA NA 12 276 7 1 0.71568644 0.2843135 0.99999994 1.0 0.09646209 3.373894 3.152457 0.045818247 0.03919381 0.066604115 0.07296922 0.036025357 0.33354378 0.09646209 0.034844585 0.048393458 0.11404996 0.05967855 0.052416895 0.09646209 3.373894 3.152457 
28 5 25 "5" NA 0 0 1 0 NA 0 12 0 NA NA 67 96 4 500000 NA NA 12 288 4 0 0.7506103 0.24938972 1.0 1.0 0.27711615 1.8514372 3.3120103 0.07011296 0.044155847 0.097454794 0.05706053 0.052207142 0.0921499 0.045196835 0.27711615 0.06829916 0.06025014 0.088556424 0.047440216 0.27711615 1.8514372 3.3120103 
28 5 26 "5" NA 0 0 1 0 NA 0 12 0 NA NA 65 96 4 500000 NA NA 12 300 4 1 0.8478819 0.15211818 1.0 1.0 0.050729997 4.3010173 2.9651442 0.040093414 0.030701354 0.033766564 0.048444144 0.03551715 0.050729997 0.2088099 0.3410544 0.030366726 0.09983887 0.035443313 0.045234274 0.050729997 4.3010173 2.9651442 
28 5 27 "5" NA 0 0 1 0 NA 0 12 0 NA NA 63 96 4 500000 NA NA 12 312 3 2 0.41489285 0.58510715 1.0 1.0 0.09624545 3.3771377 3.5067003 0.107400365 0.086370006 0.09170452 0.09624545 0.051742624 0.05325048 0.06582138 0.15926081 0.078137904 0.062421363 0.088907376 0.058737762 0.09624545 3.3771377 3.5067003 
28 5 28 "5" NA 0 0 1 0 NA 0 12 0 NA NA 62 96 4 500000 NA NA 12 324 3 2 0.5996945 0.4003055 0.99999994 1.0 0.36671585 1.4472655 3.104627 0.06517634 0.047311883 0.36671585 0.023472903 0.06277779 0.092104495 0.06040113 0.057523675 0.053336322 0.059220005 0.05546989 0.056489676 0.36671585 1.4472655 3.104627 
28 5 29 "5" NA 0 0 1 0 NA 0 12 0 NA NA 60 96 4 500000 NA NA 12 336 4 3 0.52993214 0.4700679 1.0 1.0 0.3176501 1.6544896 3.1730375 0.3176501 0.03767013 0.041576546 0.15352452 0.059168868 0.052828856 0.047499336 0.056731053 0.05653165 0.05552509 0.06975144 0.05154242 0.3176501 1.6544896 3.1730375 
28 5 30 "5" NA 0 0 1 0 NA 0 12 0 NA NA 63 96 4 500000 NA NA 12 348 5 2 0.42440602 0.57559395 1.0 1.0 0.100405455 3.3160903 3.3669698 0.03431264 0.05403305 0.09829229 0.100405455 0.054696534 0.05928412 0.06410637 0.05264302 0.070641175 0.07439626 0.24583434 0.09135473 0.100405455 3.3160903 3.3669698 
28 5 31 "5" NA 0 0 1 0 NA 0 12 0 NA NA 67 96 4 500000 NA NA 12 360 4 1 0.89406884 0.10593113 1.0 1.0 0.4076449 1.2946151 2.7323413 0.030465908 0.1504833 0.034669943 0.0049973773 0.03289942 0.0671127 0.018449169 0.4076449 0.036342204 0.035902802 0.15353668 0.027495733 0.4076449 1.2946151 2.7323413 
28 5 32 "5" NA 0 0 1 0 NA 0 12 0 NA NA 63 96 4 500000 NA NA 12 372 4 1 0.581275 0.41872498 1.0 1.0 0.18256232 2.4535391 3.4561687 0.08038206 0.049265463 0.06915741 0.18256232 0.0723402 0.10330578 0.08811854 0.033784207 0.062465936 0.12116887 0.074863054 0.06258632 0.18256232 2.4535391 3.4561687 
28 6 1 "6" NA 0 0 1 0 NA 0 0 0 NA NA 60 96 4 500000 NA NA 12 0 0 0 0.5001316 0.49986836 1.0 1.0 0.08359119 3.5805051 3.5847957 0.08359119 0.08201195 0.08260771 0.082330234 0.08276585 0.08366938 0.08382551 0.08452457 0.0829631 0.08359119 0.08327775 0.08479488 0.08359119 3.5805051 3.5847957 
28 6 2 "6" NA 0 0 1 0 NA 0 12 0 NA NA 63 96 4 500000 NA NA 12 12 1 0 0.27846488 0.72153515 1.0 1.0 0.07329837 3.770075 3.4861264 0.20183228 0.07561419 0.07561419 0.07329837 0.07157663 0.07292479 0.07595457 0.06776946 0.07057178 0.07036629 0.07117909 0.07329837 0.07329837 3.770075 3.4861264 
28 6 3 "6" NA 0 0 1 0 NA 0 12 0 NA NA 67 96 4 500000 NA NA 12 24 2 0 0.3775165 0.6224835 1.0 1.0 0.07612846 3.7154202 3.5057542 0.18205857 0.07216704 0.07124453 0.08417368 0.073753156 0.09416148 0.057032105 0.07612846 0.07593517 0.07554614 0.07030188 0.067497805 0.07612846 3.7154202 3.5057542 
28 6 4 "6" NA 0 0 1 0 NA 0 12 0 NA NA 65 96 4 500000 NA NA 12 36 3 0 0.40311813 0.59688187 1.0 0.99999994 0.071145795 3.8130774 3.5038152 0.14986615 0.059440657 0.06856034 0.14776325 0.077586524 0.071145795 0.06371732 0.08215541 0.06388856 0.07946685 0.07243519 0.063973926 0.071145795 3.8130774 3.5038152 
28 6 5 "6" NA 0 0 1 0 NA 0 12 0 NA NA 63 96 4 500000 NA NA 12 48 3 0 0.47829953 0.5217005 1.0 1.0 0.084511094 3.5647154 3.5474732 0.13610527 0.07954124 0.06671254 0.084511094 0.07954124 0.08194219 0.061141368 0.091751024 0.082972236 0.05751502 0.10050314 0.077763684 0.084511094 3.5647154 3.5474732 
28 6 6 "6" NA 0 0 1 0 NA 0 12 0 NA NA 60 96 4 500000 NA NA 12 60 3 1 0.5876143 0.4123856 1.0 1.0 0.09242 3.435651 3.3840847 0.09242 0.0539592 0.20935364 0.03397638 0.07119129 0.0975594 0.061234664 0.15235788 0.054208018 0.06006113 0.056331936 0.057346515 0.09242 3.435651 3.3840847 
28 6 7 "6" NA 0 0 1 0 NA 0 12 0 NA NA 67 96 4 500000 NA NA 12 72 3 1 0.21666496 0.78333503 1.0 1.0 0.121927835 3.0359006 3.1951663 0.15878929 0.045126423 0.039973583 0.27469823 0.038086943 0.10170452 0.03907141 0.121927835 0.04776595 0.04425871 0.049065266 0.039531797 0.121927835 3.0359006 3.1951663 
28 6 8 "6" NA 0 0 1 0 NA 0 12 0 NA NA 63 96 4 500000 NA NA 12 84 4 1 0.21139716 0.7886028 1.0 1.0 0.09783098 3.3535647 3.0528386 0.15398684 0.03270714 0.04361059 0.09783098 0.03435799 0.32817632 0.044836987 0.12230945 0.03632126 0.035740696 0.03412393 0.035997756 0.09783098 3.3535647 3.0528386 
28 6 9 "6" NA 0 0 1 0 NA 0 12 0 NA NA 62 96 4 500000 NA NA 12 96 3 1 0.21295798 0.787042 0.99999994 1.0 0.03422077 4.8689837 2.963932 0.2634708 0.0274422 0.03422077 0.11171525 0.031507734 0.15244062 0.03361145 0.23629268 0.025779756 0.027909014 0.026940051 0.028669696 0.03422077 4.8689837 2.963932 
28 6 10 "6" NA 0 0 1 0 NA 0 12 0 NA NA 60 96 4 500000 NA NA 12 108 4 0 0.56526625 0.43473375 1.0 1.0 0.14183383 2.8177264 3.4490957 0.14183383 0.040573258 0.06864526 0.08705614 0.07300123 0.106008574 0.044977814 0.09388154 0.10016393 0.040573258 0.15421237 0.049072832 0.14183383 2.8177264 3.4490957 
28 6 11 "6" NA 0 0 1 0 NA 0 12 0 NA NA 70 96 4 500000 NA NA 12 120 4 1 0.2720178 0.7279823 1.0 1.0 0.03858691 4.6957445 3.204859 0.0871743 0.03673288 0.09452073 0.24173799 0.053814314 0.09027313 0.03685929 0.20550127 0.03922535 0.04054931 0.03858691 0.03502459 0.03858691 4.6957445 3.204859 
28 6 12 "6" NA 0 0 1 0 NA 0 12 0 NA NA 68 96 4 500000 NA NA 12 132 3 0 0.95349646 0.04650358 1.0 1.0 0.60784787 0.7182178 2.3138478 0.025267867 0.030428428 0.03901331 0.03446081 0.04059322 0.03901331 0.035528623 0.045337137 0.60784787 0.04059322 0.02469576 0.037220504 0.60784787 0.7182178 2.3138478 
28 6 13 "6" NA 0 0 1 0 NA 0 12 0 NA NA 67 96 4 500000 NA NA 12 144 5 0 0.9812089 0.01879106 1.0 1.0 0.67061335 0.5764469 1.986365 0.03056162 0.023993872 0.025546178 0.026958903 0.025170477 0.08616538 0.015722776 0.67061335 0.017161038 0.03454904 0.019563468 0.023993872 0.67061335 0.5764469 1.986365 
28 6 14 "6" NA 0 0 1 0 NA 0 12 0 NA NA 65 96 4 500000 NA NA 12 156 6 1 0.46082345 0.5391766 1.0 1.0 0.2157095 2.2128384 3.3644783 0.07377535 0.039155215 0.07824504 0.16002518 0.03708663 0.2157095 0.090812825 0.06519628 0.06370008 0.059551813 0.072904505 0.0438376 0.2157095 2.2128384 3.3644783 
28 6 15 "6" NA 0 0 1 0 NA 0 12 0 NA NA 63 96 4 500000 NA NA 12 168 4 1 0.78077066 0.21922933 1.0 1.0 0.5060635 0.9826096 2.6883142 0.039263766 0.055693824 0.0471507 0.5060635 0.043402947 0.02744434 0.05941351 0.05410884 0.040894587 0.056630127 0.042166244 0.027767668 0.5060635 0.9826096 2.6883142 
28 6 16 "6" NA 0 0 1 0 NA 0 12 0 NA NA 62 96 4 500000 NA NA 12 180 4 2 0.5585603 0.4414397 1.0 1.0 0.29707843 1.7510842 3.1213996 0.19700223 0.03786339 0.29707843 0.027963772 0.04927535 0.06288991 0.04270073 0.09345744 0.053861413 0.04192248 0.055865485 0.040119335 0.29707843 1.7510842 3.1213996 
28 6 17 "6" NA 0 0 1 0 NA 0 12 0 NA NA 60 96 4 500000 NA NA 12 192 8 1 0.6477547 0.35224527 1.0 1.0 0.4185035 1.2566884 2.9154358 0.4185035 0.029187446 0.036847167 0.120701194 0.050686378 0.04938043 0.032846276 0.062802926 0.05364342 0.03975233 0.069353536 0.03629537 0.4185035 1.2566884 2.9154358 
28 6 18 "6" NA 0 0 1 0 NA 0 12 0 NA NA 71 96 4 500000 NA NA 12 204 6 2 0.478271 0.5217291 1.0 1.0 0.03584491 4.802088 3.1137285 0.03176459 0.038975447 0.05873572 0.26182616 0.039515197 0.054174244 0.039211582 0.083112314 0.066004485 0.04637346 0.24446198 0.03584491 0.03584491 4.802088 3.1137285 
28 6 19 "6" NA 0 0 1 0 NA 0 12 0 NA NA 60 96 4 500000 NA NA 12 216 3 0 0.54507524 0.45492467 1.0 0.99999994 0.11197069 3.158807 3.548537 0.11197069 0.08099187 0.069240116 0.09159882 0.11120538 0.08636559 0.050941534 0.09384533 0.06268997 0.09131663 0.08945787 0.06037621 0.11197069 3.158807 3.548537 
28 6 20 "6" NA 0 0 1 0 NA 0 12 0 NA NA 62 96 4 500000 NA NA 12 228 4 1 0.51882863 0.4811713 1.0 1.0 0.095935404 3.3817928 3.524525 0.039597522 0.06351306 0.095935404 0.10846808 0.11116191 0.073282495 0.060035225 0.101084195 0.07109859 0.061339963 0.10510951 0.109374024 0.095935404 3.3817928 3.524525 
28 6 21 "6" NA 0 0 1 0 NA 0 12 0 NA NA 63 96 4 500000 NA NA 12 240 4 1 0.05454865 0.9454513 1.0 1.0 0.061039608 4.0341105 2.3611634 0.5868219 0.020611368 0.052998096 0.061039608 0.020345272 0.040035266 0.020941554 0.05730526 0.0396779 0.020428814 0.040470652 0.03932431 0.061039608 4.0341105 2.3611634 
28 6 22 "6" NA 0 0 1 0 NA 0 12 0 NA NA 62 96 4 500000 NA NA 12 252 5 1 0.7820545 0.21794547 1.0 1.0 0.44316426 1.1740866 2.73209 0.041743997 0.032060146 0.44316426 0.027387017 0.02633956 0.145984 0.022327451 0.047569938 0.023547055 0.027315471 0.10865976 0.05390133 0.44316426 1.1740866 2.73209 
28 6 23 "6" NA 0 0 1 0 NA 0 12 0 NA NA 63 96 4 500000 NA NA 12 264 3 2 0.06337998 0.93662 1.0 1.0 0.13804446 2.856795 2.3091035 0.5710083 0.01659952 0.04624638 0.13804446 0.017188415 0.032552797 0.016792446 0.04663943 0.032817613 0.01659952 0.03305418 0.032456957 0.13804446 2.856795 2.3091035 
28 6 24 "6" NA 0 0 1 0 NA 0 12 0 NA NA 65 96 4 500000 NA NA 12 276 4 2 0.48912284 0.51087713 1.0 1.0 0.17613488 2.5052474 3.353208 0.10575727 0.04325857 0.14861014 0.13699763 0.0382549 0.17613488 0.034498494 0.11476156 0.046238303 0.03913533 0.05936263 0.056990307 0.17613488 2.5052474 3.353208 
28 6 25 "6" NA 0 0 1 0 NA 0 12 0 NA NA 67 96 4 500000 NA NA 12 288 4 1 0.06671804 0.93328196 1.0 1.0 0.06466148 3.9509494 2.3730977 0.05709206 0.018395547 0.056607205 0.5789554 0.018504346 0.05517907 0.017061075 0.06466148 0.039442036 0.018213324 0.03771217 0.038176224 0.06466148 3.9509494 2.3730977 
28 6 26 "6" NA 0 0 1 0 NA 0 12 0 NA NA 65 96 4 500000 NA NA 12 300 4 1 0.60325074 0.3967492 1.0 1.0 0.35148808 1.5084523 3.126824 0.05655549 0.04531914 0.058332823 0.09583911 0.043471664 0.35148808 0.07044878 0.050777573 0.051850483 0.027364925 0.0952923 0.05325969 0.35148808 1.5084523 3.126824 
28 6 27 "6" NA 0 0 1 0 NA 0 12 0 NA NA 67 96 4 500000 NA NA 12 312 4 2 0.10165693 0.8983431 1.0 0.99999994 0.15807144 2.6613514 2.399074 0.05072205 0.015216032 0.048619226 0.5347497 0.015216032 0.04999811 0.016601872 0.15807144 0.03209074 0.015288161 0.03221894 0.03120783 0.15807144 2.6613514 2.399074 
28 6 28 "6" NA 0 0 1 0 NA 0 12 0 NA NA 71 96 4 500000 NA NA 12 324 5 2 0.5539523 0.4460477 1.0 1.0 0.05033433 4.3123136 3.431871 0.05514304 0.04061595 0.05673234 0.09797393 0.07813968 0.1226262 0.041360434 0.05120955 0.11330023 0.16131626 0.13124801 0.05033433 0.05033433 4.3123136 3.431871 
28 6 29 "6" NA 0 0 1 0 NA 0 12 0 NA NA 60 96 4 500000 NA NA 12 336 3 1 0.3022878 0.69771224 1.0 1.0 0.28598946 1.805966 3.220294 0.28598946 0.038415547 0.11577891 0.09969365 0.02896337 0.09107474 0.027707841 0.091826394 0.06663554 0.031485904 0.05214894 0.070279755 0.28598946 1.805966 3.220294 
28 6 30 "6" NA 0 0 1 0 NA 0 12 0 NA NA 63 96 4 500000 NA NA 12 348 4 2 0.3552594 0.64474064 1.0 1.0 0.11334605 3.1411939 3.2908256 0.04469603 0.03297955 0.2387262 0.11334605 0.03137526 0.077078775 0.043653686 0.10800421 0.055206746 0.0321908 0.12554082 0.097201854 0.11334605 3.1411939 3.2908256 
28 6 31 "6" NA 0 0 1 0 NA 0 12 0 NA NA 67 96 4 500000 NA NA 12 360 3 2 0.31408405 0.6859159 1.0 1.0 0.32483864 1.6222049 2.9627075 0.09392429 0.022214323 0.19035079 0.038861036 0.02261978 0.12039405 0.018263713 0.32483864 0.04541526 0.023076355 0.042594217 0.05744751 0.32483864 1.6222049 2.9627075 
28 6 32 "6" NA 0 0 1 0 NA 0 12 0 NA NA 63 96 4 500000 NA NA 12 372 4 2 0.25346345 0.7465365 1.0 0.99999994 0.14857994 2.7506888 3.1386213 0.07620219 0.02322416 0.07290618 0.14857994 0.034185193 0.29231125 0.02426119 0.06777139 0.05054127 0.02712403 0.053778674 0.12911461 0.14857994 2.7506888 3.1386213 
