dataset.id melody.id note.id melody.name vertint12 articulation comma voice ornament dyn phrase bioi deltast accidental mpitch cpitch barlength pulses tempo mode keysig dur onset cpitch.order.ltm.cpitch cpitch.order.stm.cpitch cpitch.weight.ltm cpitch.weight.stm cpitch.weight.ltm.cpitch cpitch.weight.stm.cpitch cpitch.probability cpitch.information.content cpitch.entropy cpitch.60 cpitch.61 cpitch.62 cpitch.63 cpitch.64 cpitch.65 cpitch.66 cpitch.67 cpitch.68 cpitch.69 cpitch.70 cpitch.71 probability information.content entropy 
28 1 1 "1" NA 0 0 1 0 NA 0 0 0 NA NA 60 96 4 500000 NA NA 12 0 0 0 0.65866894 0.34133103 0.99999994 1.0 0.11631931 3.1038373 3.4184124 0.11631931 0.03665504 0.128397 0.026706424 0.12524714 0.07735414 0.073421896 0.14399059 0.040320534 0.0971664 0.041396704 0.093024716 0.11631931 3.1038373 3.4184124 
28 1 2 "1" NA 0 0 1 0 NA 0 12 0 NA NA 64 96 4 500000 NA NA 12 12 1 0 0.6968608 0.30313915 1.0 1.0 0.10843278 3.2051272 2.8441396 0.31155917 0.012745332 0.15665491 0.00548318 0.10843278 0.029805377 0.012941203 0.09263163 0.005523351 0.08752451 0.020345928 0.15635255 0.10843278 3.2051272 2.8441396 
28 1 3 "1" NA 0 0 1 0 NA 0 12 0 NA NA 63 96 4 500000 NA NA 12 24 2 0 0.7903947 0.20960534 1.0 1.0 0.00948416 6.720264 2.8054307 0.13533115 0.006433516 0.23435092 0.00948416 0.2260337 0.116286166 0.058929544 0.15720971 0.0037197683 0.037961327 0.0031905763 0.011069549 0.00948416 6.720264 2.8054307 
28 1 4 "1" NA 0 0 1 0 NA 0 12 0 NA NA 64 96 4 500000 NA NA 12 36 3 0 0.93796563 0.06203432 1.0 0.99999994 0.24608886 2.0227487 2.3529425 0.0060502174 0.09878884 0.018173434 0.06462062 0.24608886 0.034633536 0.4400275 0.005733491 0.0062209456 0.0031281 0.006759287 0.06977512 0.24608886 2.0227487 2.3529425 
28 1 5 "1" NA 0 0 1 0 NA 0 12 0 NA NA 67 96 4 500000 NA NA 12 48 3 1 0.589216 0.410784 1.0 1.0 0.08253726 3.5988107 3.0838697 0.104652345 0.028033596 0.10979269 0.095455125 0.23966709 0.0570825 0.17085066 0.08253726 0.005214391 0.09078115 0.004650722 0.011282456 0.08253726 3.5988107 3.0838697 
28 1 6 "1" NA 0 0 1 0 NA 0 12 0 NA NA 66 96 4 500000 NA NA 12 60 4 0 0.7729924 0.22700761 1.0 1.0 0.17731173 2.49564 2.9639597 0.10781282 0.0029048864 0.058277622 0.0038707824 0.14278853 0.09723697 0.17731173 0.23923534 0.0087968 0.10810314 0.005463718 0.04819761 0.17731173 2.49564 2.9639597 
28 1 7 "1" NA 0 0 1 0 NA 0 12 0 NA NA 67 96 4 500000 NA NA 12 72 5 0 0.9886187 0.011381328 0.99999994 1.0 0.40844902 1.2917721 1.8428456 0.0033885394 0.0018540588 0.024870073 0.0019660764 0.44397694 0.018748304 0.040472515 0.40844902 0.004724594 0.040059034 0.0026618298 0.008829032 0.40844902 1.2917721 1.8428456 
28 1 8 "1" NA 0 0 1 0 NA 0 12 0 NA NA 69 96 4 500000 NA NA 12 84 5 1 0.6698762 0.33012375 0.99999994 1.0 0.15196839 2.7181568 2.968175 0.08676906 0.0032471642 0.061745867 0.0044983565 0.20831539 0.060743075 0.17971723 0.17228629 0.010802841 0.15196839 0.005410393 0.054495867 0.15196839 2.7181568 2.968175 
28 1 9 "1" NA 0 0 1 0 NA 0 12 0 NA NA 67 96 4 500000 NA NA 12 96 5 0 0.9457705 0.054229453 1.0 1.0 0.44619912 1.1642405 2.4075456 0.03520502 0.0016058036 0.052601952 0.0017657055 0.036172364 0.025521843 0.042953603 0.44619912 0.00562291 0.12652713 0.009318698 0.21650594 0.44619912 1.1642405 2.4075456 
28 1 10 "1" NA 0 0 1 0 NA 0 12 0 NA NA 64 96 4 500000 NA NA 12 108 6 1 0.6981912 0.30180874 1.0 1.0 0.114453085 3.127172 2.9501653 0.08852037 0.0023785518 0.05324724 0.0030767075 0.114453085 0.10450219 0.21699463 0.19260705 0.006339171 0.16278787 0.007413933 0.047679268 0.114453085 3.127172 2.9501653 
28 1 11 "1" NA 0 0 1 0 NA 0 12 0 NA NA 62 96 4 500000 NA NA 12 120 6 1 0.7548778 0.2451222 1.0 1.0 0.19319405 2.3718774 2.9098392 0.18191446 0.009304082 0.19319405 0.01582061 0.18251844 0.10678566 0.07160138 0.17223819 0.0040230495 0.047204323 0.0037603804 0.011635435 0.19319405 2.3718774 2.9098392 
28 1 12 "1" NA 0 0 1 0 NA 0 12 0 NA NA 60 96 4 500000 NA NA 12 132 6 0 0.8655103 0.13448974 1.0 1.0 0.24095002 2.0531943 2.7860806 0.24095002 0.013790725 0.19686274 0.009387782 0.22264683 0.035228945 0.020081587 0.11518139 0.0023498703 0.027162185 0.0058508725 0.110507 0.24095002 2.0531943 2.7860806 
28 1 13 "1" NA 0 0 1 0 NA 0 12 0 NA NA 71 96 4 500000 NA NA 12 144 6 1 0.784512 0.21548806 1.0 1.0 0.20519115 2.2849596 2.815238 0.2027999 0.0072186654 0.19024989 0.0027953198 0.1544598 0.020993657 0.00759264 0.1011456 0.0024649329 0.08892901 0.016159454 0.20519115 0.20519115 2.2849596 2.815238 
28 1 14 "1" NA 0 0 1 0 NA 0 12 0 NA NA 69 96 4 500000 NA NA 12 156 6 0 0.97921133 0.020788727 1.0 1.0 0.27962506 1.8384345 2.073297 0.48301512 0.0038696993 0.08874161 0.003290488 0.020471489 0.0067842496 0.0037854388 0.033609774 0.003257444 0.27962506 0.003747424 0.06980225 0.27962506 1.8384345 2.073297 
28 1 15 "1" NA 0 0 1 0 NA 0 12 0 NA NA 67 96 4 500000 NA NA 12 168 6 1 0.8920062 0.10799382 1.0 1.0 0.44382894 1.1719244 2.5066266 0.041105226 0.0031461727 0.05748766 0.0034997659 0.04764989 0.027802864 0.031029165 0.44382894 0.015389684 0.16499771 0.008398156 0.15566483 0.44382894 1.1719244 2.5066266 
28 1 16 "1" NA 0 0 1 0 NA 0 12 0 NA NA 65 96 4 500000 NA NA 12 180 7 2 0.5845534 0.41544658 1.0 1.0 0.076789536 3.7029464 3.0859997 0.08852361 0.0059826043 0.0728347 0.0076208543 0.20725197 0.076789536 0.1297599 0.16219749 0.013593142 0.15347564 0.010540262 0.0714303 0.076789536 3.7029464 3.0859997 
28 1 17 "1" NA 0 0 1 0 NA 0 12 0 NA NA 64 96 4 500000 NA NA 12 192 7 0 0.9937059 0.006294023 1.0 1.0 0.6842911 0.54731786 1.7423103 0.006090586 0.0029045725 0.060287066 0.01570877 0.6842911 0.09875015 0.023807088 0.074887 0.0049852333 0.015364215 0.00298474 0.009939434 0.6842911 0.54731786 1.7423103 
28 1 18 "1" NA 0 0 1 0 NA 0 12 0 NA NA 60 96 4 500000 NA NA 12 204 9 1 0.917379 0.082621016 1.0 1.0 0.09497399 3.3963237 2.5074518 0.09497399 0.0027191313 0.40046215 0.004422759 0.17078023 0.12173053 0.034252975 0.12381739 0.0020056071 0.037591808 0.0017781863 0.0054651555 0.09497399 3.3963237 2.5074518 
28 1 19 "1" NA 0 0 1 0 NA 0 12 0 NA NA 67 96 4 500000 NA NA 12 216 8 1 0.80932456 0.19067535 0.99999994 1.0 0.14321218 2.8037739 2.834482 0.20240362 0.0056279763 0.17557654 0.0019304089 0.15588796 0.028160047 0.0090228645 0.14321218 0.0018008773 0.106008254 0.008187346 0.16218184 0.14321218 2.8037739 2.834482 
28 1 20 "1" NA 0 0 1 0 NA 0 12 0 NA NA 64 96 4 500000 NA NA 12 228 6 1 0.9794454 0.020554608 1.0 0.99999994 0.57024187 0.8103541 2.015866 0.062813 0.0056197457 0.019020706 0.0056721983 0.57024187 0.042448644 0.007052495 0.20762101 0.006042822 0.056480985 0.006887153 0.010099408 0.57024187 0.8103541 2.015866 
28 1 21 "1" NA 0 0 1 0 NA 0 12 0 NA NA 63 96 4 500000 NA NA 12 240 8 2 0.77388656 0.22611348 1.0 1.0 0.01145191 6.448268 2.764049 0.1373668 0.007983549 0.32924852 0.01145191 0.15433833 0.10914708 0.058319878 0.13033995 0.0035807253 0.043745127 0.00334125 0.011136754 0.01145191 6.448268 2.764049 
28 1 22 "1" NA 0 0 1 0 NA 0 12 0 NA NA 64 96 4 500000 NA NA 12 252 3 1 0.8900143 0.109985694 1.0 1.0 0.43870524 1.1886761 2.5021422 0.008115504 0.113733985 0.023975864 0.07422404 0.43870524 0.04421186 0.18110096 0.008303579 0.008249177 0.004515525 0.008925105 0.08593909 0.43870524 1.1886761 2.5021422 
28 1 23 "1" NA 0 0 1 0 NA 0 12 0 NA NA 67 96 4 500000 NA NA 12 264 4 2 0.84417236 0.15582766 1.0 0.99999994 0.1205378 3.0524423 2.689954 0.055249814 0.01408606 0.12070908 0.025809068 0.16418953 0.0418631 0.3697346 0.1205378 0.0012654193 0.081378706 0.0010741208 0.004102657 0.1205378 3.0524423 2.689954 
28 1 24 "1" NA 0 0 1 0 NA 0 12 0 NA NA 64 96 4 500000 NA NA 12 276 4 2 0.7430466 0.25695345 1.0 1.0 0.11779832 3.0856092 2.82217 0.07783996 0.0024830853 0.0498137 0.0029355828 0.11779832 0.097649805 0.32263294 0.16747403 0.0072035342 0.10810968 0.0045574517 0.04150187 0.11779832 3.0856092 2.82217 
28 1 25 "1" NA 0 0 1 0 NA 0 12 0 NA NA 60 96 4 500000 NA NA 12 288 4 2 0.7463799 0.25362003 1.0 1.0 0.18094464 2.46638 2.8132412 0.18094464 0.008091131 0.28889948 0.016215961 0.14793926 0.10535619 0.056401 0.13670647 0.0037338887 0.040884584 0.003492753 0.011334718 0.18094464 2.46638 2.8132412 
28 1 26 "1" NA 0 0 1 0 NA 0 12 0 NA NA 71 96 4 500000 NA NA 12 300 5 2 0.71338266 0.28661734 1.0 0.99999994 0.14281721 2.807758 2.8420656 0.16766393 0.0073509566 0.15306342 0.002551167 0.15096435 0.032420866 0.008883329 0.2284991 0.0022555029 0.09496101 0.00856919 0.14281721 0.14281721 2.807758 2.8420656 
28 1 27 "1" NA 0 0 1 0 NA 0 12 0 NA NA 60 96 4 500000 NA NA 12 312 5 1 0.92984396 0.07015602 1.0 1.0 0.23553628 2.0859787 2.342095 0.23553628 0.0051447167 0.14059451 0.005310467 0.017574968 0.027861735 0.0060662543 0.048759006 0.0051447167 0.4337471 0.005876914 0.06838338 0.23553628 2.0859787 2.342095 
28 1 28 "1" NA 0 0 1 0 NA 0 12 0 NA NA 62 96 4 500000 NA NA 12 324 5 1 0.7826789 0.21732107 1.0 1.0 0.27222857 1.8771096 2.923412 0.11133852 0.0097239185 0.27222857 0.007369002 0.12239878 0.037307803 0.021117562 0.13538642 0.008653185 0.099787705 0.010127374 0.16456126 0.27222857 1.8771096 2.923412 
28 1 29 "1" NA 0 0 1 0 NA 0 12 0 NA NA 60 96 4 500000 NA NA 12 336 6 1 0.8795655 0.12043453 1.0 1.0 0.20351478 2.2967944 2.5587394 0.20351478 0.0072318558 0.14478435 0.0074486216 0.37803084 0.016990611 0.007883681 0.08489021 0.009929468 0.024822589 0.0074132863 0.10705977 0.20351478 2.2967944 2.5587394 
28 1 30 "1" NA 0 0 1 0 NA 0 12 0 NA NA 64 96 4 500000 NA NA 12 348 6 2 0.7176476 0.2823524 1.0 1.0 0.11647325 3.1019292 2.748115 0.17343445 0.007578809 0.1749725 0.0032552106 0.11647325 0.021877797 0.0081154285 0.09847253 0.0028361036 0.07299355 0.017081762 0.30290863 0.11647325 3.1019292 2.748115 
28 1 31 "1" NA 0 0 1 0 NA 0 12 0 NA NA 67 96 4 500000 NA NA 12 360 6 2 0.67798483 0.32201517 1.0 0.99999994 0.2078929 2.2660875 2.843589 0.13914502 0.006443295 0.2562488 0.023831904 0.15135689 0.10192633 0.053145643 0.2078929 0.004027303 0.040353533 0.0035305799 0.012097892 0.2078929 2.2660875 2.843589 
28 1 32 "1" NA 0 0 1 0 NA 0 12 0 NA NA 64 96 4 500000 NA NA 12 372 6 2 0.63281024 0.36718976 1.0 1.0 0.23588836 2.083824 2.9926717 0.0930063 0.0037427854 0.063294075 0.0047164634 0.23588836 0.1159166 0.12564562 0.16761746 0.00927098 0.1272022 0.0062776776 0.04742158 0.23588836 2.083824 2.9926717 
28 2 1 "2" NA 0 0 1 0 NA 0 0 0 NA NA 67 96 4 500000 NA NA 12 0 0 0 0.6587097 0.34129035 1.0 1.0 0.1440105 2.7957542 3.418373 0.11634492 0.036638204 0.12837031 0.026744226 0.12530124 0.07733672 0.07340628 0.1440105 0.040302254 0.09715348 0.041378003 0.0930138 0.1440105 2.7957542 3.418373 
28 2 2 "2" NA 0 0 1 0 NA 0 12 0 NA NA 64 96 4 500000 NA NA 12 12 1 0 0.59155506 0.40844488 1.0 1.0 0.097811125 3.3538578 2.94 0.08713045 0.007452258 0.06854918 0.0077627003 0.097811125 0.09359622 0.08753338 0.3484449 0.017099664 0.111430965 0.011697398 0.06149178 0.097811125 3.3538578 2.94 
28 2 3 "2" NA 0 0 1 0 NA 0 12 0 NA NA 65 96 4 500000 NA NA 12 24 2 0 0.7610323 0.2389677 1.0 1.0 0.1193234 3.0670512 2.8678968 0.111345164 0.010233529 0.22084881 0.011779316 0.2251885 0.1193234 0.064929806 0.17038552 0.0046514077 0.044129934 0.0043453197 0.012839238 0.1193234 3.0670512 2.8678968 
28 2 4 "2" NA 0 0 1 0 NA 0 12 0 NA NA 62 96 4 500000 NA NA 12 36 3 0 0.89957327 0.10042674 1.0 1.0 0.14851868 2.7512836 2.4970624 0.011234838 0.00395054 0.14851868 0.01765061 0.25955433 0.111562215 0.0274356 0.3514936 0.0070096836 0.05030923 0.00404912 0.0072315237 0.14851868 2.7512836 2.4970624 
28 2 5 "2" NA 0 0 1 0 NA 0 12 0 NA NA 60 96 4 500000 NA NA 12 48 4 0 0.89371836 0.106281616 1.0 1.0 0.29643196 1.7542272 2.615015 0.29643196 0.009441671 0.18500966 0.008656734 0.22363634 0.030337986 0.007858539 0.12622872 0.0013091749 0.019325463 0.0021980964 0.08956564 0.29643196 1.7542272 2.615015 
28 2 6 "2" NA 0 0 1 0 NA 0 12 0 NA NA 67 96 4 500000 NA NA 12 60 5 0 0.85352755 0.14647248 1.0 1.0 0.10388104 3.266996 2.7924433 0.22018202 0.006829036 0.19538997 0.0021902171 0.12887155 0.023501256 0.006491381 0.10388104 0.0022069705 0.08275353 0.016463703 0.21123935 0.10388104 3.266996 2.7924433 
28 2 7 "2" NA 0 0 1 0 NA 0 12 0 NA NA 60 96 4 500000 NA NA 12 72 6 1 0.8852589 0.11474102 1.0 1.0 0.11771007 3.0866902 2.5013244 0.11771007 0.011595099 0.052292 0.011595099 0.17288351 0.048420284 0.012686101 0.46581325 0.013322159 0.06056694 0.014708022 0.01840755 0.11771007 3.0866902 2.5013244 
28 2 8 "2" NA 0 0 1 0 NA 0 12 0 NA NA 62 96 4 500000 NA NA 12 84 6 1 0.71436864 0.2856314 1.0 1.0 0.17394271 2.523316 2.8339844 0.23292041 0.0084514925 0.17394271 0.0035636507 0.16234496 0.028960295 0.008586102 0.1424361 0.0035864508 0.062124435 0.013650937 0.1594325 0.17394271 2.523316 2.8339844 
28 2 9 "2" NA 0 0 1 0 NA 0 12 0 NA NA 64 96 4 500000 NA NA 12 96 5 1 0.97785556 0.022144409 1.0 1.0 0.6827157 0.55064315 1.7243026 0.11581456 0.004593746 0.078887135 0.005283706 0.6827157 0.0145212365 0.005627904 0.036008663 0.004938999 0.01064867 0.005627904 0.03533176 0.6827157 0.55064315 1.7243026 
28 2 10 "2" NA 0 0 1 0 NA 0 12 0 NA NA 62 96 4 500000 NA NA 12 108 6 1 0.5851723 0.41482767 1.0 1.0 0.2235659 2.161228 2.7544248 0.13405684 0.008038383 0.2235659 0.009707361 0.17012817 0.2618932 0.04519555 0.098994985 0.0047950163 0.027613686 0.0041029863 0.011907804 0.2235659 2.161228 2.7544248 
28 2 11 "2" NA 0 0 1 0 NA 0 12 0 NA NA 64 96 4 500000 NA NA 12 120 7 1 0.75631475 0.2436852 1.0 1.0 0.21672095 2.2060895 2.4531562 0.375864 0.013454465 0.19263723 0.0035771618 0.21672095 0.033496927 0.008874204 0.08829919 0.0011468438 0.019682465 0.0021177034 0.044128884 0.21672095 2.2060895 2.4531562 
28 2 12 "2" NA 0 0 1 0 NA 0 12 0 NA NA 65 96 4 500000 NA NA 12 132 7 2 0.34170318 0.6582969 1.0 1.0 0.17802584 2.4898412 2.5754483 0.10691476 0.01048952 0.40914685 0.010999224 0.12330044 0.17802584 0.028069746 0.08495997 0.007793358 0.020535309 0.0069228606 0.012842079 0.17802584 2.4898412 2.5754483 
28 2 13 "2" NA 0 0 1 0 NA 0 12 0 NA NA 67 96 4 500000 NA NA 12 144 7 1 0.7397259 0.26027405 1.0 0.99999994 0.25275248 1.9842029 2.5163085 0.016464628 0.004090977 0.20448585 0.014413537 0.32155195 0.09220727 0.02315688 0.25275248 0.0065556555 0.051899597 0.004174737 0.008246443 0.25275248 1.9842029 2.5163085 
28 2 14 "2" NA 0 0 1 0 NA 0 12 0 NA NA 60 96 4 500000 NA NA 12 156 7 1 0.39408383 0.6059161 1.0 1.0 0.20702009 2.2721574 2.8346322 0.20702009 0.0057823425 0.13341756 0.0059417156 0.2381624 0.103966706 0.029975694 0.19002157 0.010511966 0.04300082 0.008145489 0.024053574 0.20702009 2.2721574 2.8346322 
28 2 15 "2" NA 0 0 1 0 NA 0 12 0 NA NA 67 96 4 500000 NA NA 12 168 7 2 0.28456083 0.7154392 1.0 1.0 0.21282133 2.2322853 2.544756 0.13574313 0.009297208 0.37618008 0.0065911347 0.14042193 0.04307994 0.009355914 0.21282133 0.0066079004 0.022321878 0.011253777 0.026325814 0.21282133 2.2322853 2.544756 
28 2 16 "2" NA 0 0 1 0 NA 0 12 0 NA NA 65 96 4 500000 NA NA 12 180 7 2 0.5689072 0.4310928 1.0 1.0 0.054317262 4.202445 2.5962026 0.23903373 0.009388818 0.058933478 0.009388818 0.26661906 0.054317262 0.010566061 0.27363542 0.0097931195 0.044331726 0.011996261 0.011996261 0.054317262 4.202445 2.5962026 
28 2 17 "2" NA 0 0 1 0 NA 0 12 0 NA NA 67 96 4 500000 NA NA 12 192 4 1 0.941923 0.058077056 0.99999994 1.0 0.1247802 3.0025392 1.7847832 0.0054227696 0.0014241303 0.10278426 0.007453817 0.62724376 0.100652345 0.010437851 0.1247802 0.0023764437 0.012610761 0.001461362 0.0033522553 0.1247802 3.0025392 1.7847832 
28 2 18 "2" NA 0 0 1 0 NA 0 12 0 NA NA 64 96 4 500000 NA NA 12 204 4 2 0.22808655 0.7719134 1.0 1.0 0.17849076 2.4860787 2.594077 0.31296512 0.0047069797 0.1347341 0.0047816364 0.17849076 0.17554538 0.012179572 0.13909465 0.0066524437 0.014419445 0.005739473 0.010690479 0.17849076 2.4860787 2.594077 
28 2 19 "2" NA 0 0 1 0 NA 0 12 0 NA NA 65 96 4 500000 NA NA 12 216 4 2 0.13343407 0.86656594 1.0 1.0 0.45106414 1.1485955 2.20525 0.08644612 0.004621583 0.25277016 0.0047369925 0.08802943 0.45106414 0.006389711 0.08690587 0.004024849 0.0062249 0.0039770976 0.004809097 0.45106414 1.1485955 2.20525 
28 2 20 "2" NA 0 0 1 0 NA 0 12 0 NA NA 62 96 4 500000 NA NA 12 228 5 3 0.41196594 0.58803415 1.0 1.0 0.33168167 1.5921289 2.4010212 0.03966624 0.0046451916 0.33168167 0.009219832 0.16006641 0.11307307 0.011283579 0.29830685 0.0060402392 0.015191966 0.0046979208 0.0061270436 0.33168167 1.5921289 2.4010212 
28 2 21 "2" NA 0 0 1 0 NA 0 12 0 NA NA 60 96 4 500000 NA NA 12 240 5 2 0.389781 0.610219 1.0 1.0 0.41333914 1.2746022 2.3209586 0.41333914 0.0060519543 0.15057981 0.005827143 0.2336222 0.054088473 0.005586408 0.100727126 0.0025566444 0.008271203 0.0032049543 0.016145036 0.41333914 1.2746022 2.3209586 
28 2 22 "2" NA 0 0 1 0 NA 0 12 0 NA NA 64 96 4 500000 NA NA 12 252 6 2 0.13822098 0.8617791 1.0 0.99999994 0.08948202 3.4822583 2.2182572 0.09759028 0.0049372353 0.25503984 0.0041068206 0.08948202 0.06792966 0.004896858 0.4502103 0.0041118916 0.007394945 0.0056934096 0.008606825 0.08948202 3.4822583 2.2182572 
28 2 23 "2" NA 0 0 1 0 NA 0 12 0 NA NA 60 96 4 500000 NA NA 12 264 6 1 0.3135889 0.68641114 1.0 1.0 0.09115001 3.4556134 2.4149575 0.09115001 0.004276942 0.3217715 0.005166501 0.14661588 0.2880334 0.010518052 0.11170458 0.0034413883 0.008779121 0.0032381099 0.0053044446 0.09115001 3.4556134 2.4149575 
28 2 24 "2" NA 0 0 1 0 NA 0 12 0 NA NA 67 96 4 500000 NA NA 12 276 6 1 0.42239323 0.5776068 0.99999994 1.0 0.20403825 2.2930884 2.5281663 0.21522921 0.004219535 0.21706408 0.0023192686 0.2531743 0.04601406 0.004854809 0.20403825 0.0023280308 0.020615526 0.005131289 0.025011528 0.20403825 2.2930884 2.5281663 
28 2 25 "2" NA 0 0 1 0 NA 0 12 0 NA NA 60 96 4 500000 NA NA 12 288 4 2 0.3308985 0.6691015 0.99999994 1.0 0.23234987 2.1056292 2.5423372 0.23234987 0.006146257 0.09517846 0.006146257 0.30082616 0.1868014 0.0065833963 0.13135225 0.0062988396 0.014264858 0.0065833963 0.007468878 0.23234987 2.1056292 2.5423372 
28 2 26 "2" NA 0 0 1 0 NA 0 12 0 NA NA 62 96 4 500000 NA NA 12 300 4 3 0.29373154 0.7062685 1.0 1.0 0.34906086 1.5184494 2.3891711 0.15464188 0.004237814 0.34906086 0.0029712208 0.20306718 0.046492364 0.004265438 0.20462614 0.0029790227 0.009624008 0.00516132 0.012872704 0.34906086 1.5184494 2.3891711 
28 2 27 "2" NA 0 0 1 0 NA 0 12 0 NA NA 60 96 4 500000 NA NA 12 312 4 2 0.8419044 0.15809563 1.0 1.0 0.13642678 2.8738012 1.8415575 0.13642678 0.004860136 0.090675496 0.005482404 0.6437156 0.020064335 0.0057885335 0.0438525 0.0051730284 0.010023354 0.0057885335 0.028149227 0.13642678 2.8738012 1.8415575 
28 2 28 "2" NA 0 0 1 0 NA 0 12 0 NA NA 71 96 4 500000 NA NA 12 324 5 2 0.2930993 0.70690066 1.0 1.0 0.017055357 5.8736315 2.510149 0.1596989 0.0052320664 0.22031073 0.003492949 0.24844483 0.05754316 0.0050725276 0.2600842 0.0035021014 0.012330177 0.00723313 0.017055357 0.017055357 5.8736315 2.510149 
28 2 29 "2" NA 0 0 1 0 NA 0 12 0 NA NA 60 96 4 500000 NA NA 12 336 5 0 0.88517445 0.11482551 0.99999994 1.0 0.3685975 1.4398818 2.4167323 0.3685975 0.005428784 0.096343346 0.0046460675 0.0410501 0.01145011 0.0052734795 0.06542626 0.0046460675 0.29374978 0.0052734795 0.098115 0.3685975 1.4398818 2.4167323 
28 2 30 "2" NA 0 0 1 0 NA 0 12 0 NA NA 64 96 4 500000 NA NA 12 348 6 1 0.6939482 0.3060518 0.99999994 1.0 0.10863317 3.2024634 2.6541078 0.096556805 0.0066886824 0.30563626 0.004160932 0.10863317 0.021588111 0.010582538 0.25604662 0.0052344534 0.052616082 0.0060179257 0.12623847 0.10863317 3.2024634 2.6541078 
28 2 31 "2" NA 0 0 1 0 NA 0 12 0 NA NA 67 96 4 500000 NA NA 12 360 5 2 0.44277066 0.55722934 0.99999994 1.0 0.11080768 3.1738703 2.6608658 0.22548851 0.005529702 0.25701836 0.0072205556 0.1397248 0.19272822 0.020628372 0.11080768 0.0040683146 0.015725618 0.0037331867 0.017326755 0.11080768 3.1738703 2.6608658 
28 2 32 "2" NA 0 0 1 0 NA 0 12 0 NA NA 64 96 4 500000 NA NA 12 372 5 1 0.40446904 0.595531 1.0 1.0 0.24326248 2.0394144 2.8242888 0.17398769 0.004544429 0.09621654 0.0046730298 0.24326248 0.17498583 0.025382442 0.18282893 0.008114567 0.030631855 0.006324672 0.04904765 0.24326248 2.0394144 2.8242888 
28 3 1 "3" NA 0 0 1 0 NA 0 0 0 NA NA 60 96 4 500000 NA NA 12 0 0 0 0.6588106 0.34118935 1.0 1.0 0.11639952 3.1028428 3.4182115 0.11639952 0.03661918 0.12838444 0.026729032 0.12533931 0.077363744 0.07337601 0.14403994 0.040281914 0.097117595 0.041357286 0.09299207 0.11639952 3.1028428 3.4182115 
28 3 2 "3" NA 0 0 1 0 NA 0 12 0 NA NA 64 96 4 500000 NA NA 12 12 1 0 0.69674814 0.30325192 1.0 1.0 0.108675875 3.2018962 2.8445184 0.31118298 0.012731886 0.15667485 0.0054841083 0.108675875 0.02977694 0.01292968 0.09292559 0.0055183484 0.0874064 0.020322884 0.15637037 0.108675875 3.2018962 2.8445184 
28 3 3 "3" NA 0 0 1 0 NA 0 12 0 NA NA 67 96 4 500000 NA NA 12 24 2 0 0.7890135 0.21098652 1.0 1.0 0.1574282 2.667234 2.8096604 0.13595472 0.006444183 0.23338394 0.0103668105 0.22561125 0.116098456 0.05879924 0.1574282 0.0037295052 0.037906516 0.003199786 0.011077396 0.1574282 2.667234 2.8096604 
28 3 4 "3" NA 0 0 1 0 NA 0 12 0 NA NA 60 96 4 500000 NA NA 12 36 3 0 0.7210753 0.27892464 1.0 1.0 0.13392279 2.9005265 2.974846 0.13392279 0.0038370907 0.06480446 0.0040328107 0.1549107 0.10411473 0.082381144 0.26512066 0.010786454 0.115178876 0.006917262 0.053993158 0.13392279 2.9005265 2.974846 
28 3 5 "3" NA 0 0 1 0 NA 0 12 0 NA NA 71 96 4 500000 NA NA 12 48 4 1 0.6300627 0.3699373 0.99999994 0.99999994 0.14368112 2.7990575 2.8301134 0.20716241 0.009423519 0.12848142 0.0043998184 0.25856936 0.027886657 0.009555773 0.11467499 0.004424637 0.07735665 0.014383616 0.14368112 0.14368112 2.7990575 2.8301134 
28 3 6 "3" NA 0 0 1 0 NA 0 12 0 NA NA 60 96 4 500000 NA NA 12 60 5 0 0.9988494 0.0011506305 0.99999994 0.99999994 0.17484076 2.5158865 1.2945426 0.17484076 0.0010483499 0.040446304 0.0010483499 0.0037085474 0.0016120468 0.0034628497 0.0074111824 0.0010483499 0.7297467 0.0012094355 0.03441718 0.17484076 2.5158865 1.2945426 
28 3 7 "3" NA 0 0 1 0 NA 0 12 0 NA NA 69 96 4 500000 NA NA 12 72 6 1 0.90136766 0.09863228 1.0 1.0 0.11076617 3.1744108 2.4628403 0.0765149 0.005484674 0.4627154 0.0035589945 0.11236027 0.013214935 0.011964635 0.08881759 0.0047951518 0.11076617 0.005747563 0.10405967 0.11076617 3.1744108 2.4628403 
28 3 8 "3" NA 0 0 1 0 NA 0 12 0 NA NA 71 96 4 500000 NA NA 12 84 5 0 0.91586363 0.08413635 1.0 1.0 0.124078415 3.010676 2.5560756 0.04674363 0.009773466 0.20043235 0.0016395925 0.021226106 0.030915303 0.027950287 0.38173977 0.00488556 0.14507064 0.005544816 0.124078415 0.124078415 3.010676 2.5560756 
28 3 9 "3" NA 0 0 1 0 NA 0 12 0 NA NA 67 96 4 500000 NA NA 12 96 5 1 0.80145925 0.19854067 1.0 0.99999994 0.1307797 2.9347894 2.5922174 0.37928858 0.021919917 0.0902558 0.0017449595 0.028294163 0.0016478309 0.013693335 0.1307797 0.01435205 0.17553803 0.010308055 0.13217759 0.1307797 2.9347894 2.5922174 
28 3 10 "3" NA 0 0 1 0 NA 0 12 0 NA NA 60 96 4 500000 NA NA 12 108 5 1 0.54332185 0.45667818 1.0 1.0 0.201491 2.3112128 3.037724 0.201491 0.005936328 0.06736588 0.0061630765 0.10705609 0.06194834 0.07545104 0.22108653 0.018141994 0.14517976 0.0089816 0.081198335 0.201491 2.3112128 3.037724 
28 3 11 "3" NA 0 0 1 0 NA 0 12 0 NA NA 64 96 4 500000 NA NA 12 120 5 2 0.671047 0.32895297 1.0 1.0 0.17800315 2.4900253 2.721982 0.21297021 0.004218666 0.10759222 0.0018744782 0.17800315 0.019801004 0.004281753 0.122825235 0.0018857417 0.098947026 0.006618759 0.24098176 0.17800315 2.4900253 2.721982 
28 3 12 "3" NA 0 0 1 0 NA 0 12 0 NA NA 67 96 4 500000 NA NA 12 132 4 1 0.7526845 0.24731554 1.0 1.0 0.3706486 1.4318761 2.6058698 0.11855138 0.0046937084 0.16999054 0.0073873117 0.15318362 0.08512277 0.03868198 0.3706486 0.0027857078 0.034753684 0.002406958 0.011793647 0.3706486 1.4318761 2.6058698 
28 3 13 "3" NA 0 0 1 0 NA 0 12 0 NA NA 65 96 4 500000 NA NA 12 144 5 1 0.10351749 0.89648247 1.0 1.0 0.024929153 5.326022 2.2684462 0.589997 0.015457683 0.023267534 0.015568477 0.05953077 0.024929153 0.024034636 0.09981627 0.017930198 0.059433207 0.016822325 0.053212762 0.024929153 5.326022 2.2684462 
28 3 14 "3" NA 0 0 1 0 NA 0 12 0 NA NA 67 96 4 500000 NA NA 12 156 5 0 0.99497044 0.005029578 1.0 1.0 0.026647907 5.2298336 1.627722 0.00285083 8.2298886e-4 0.2523895 0.0047283135 0.6089178 0.06926284 0.0067479843 0.026647907 0.0014134996 0.023331795 8.457331e-4 0.0020408384 0.026647907 5.2298336 1.627722 
28 3 15 "3" NA 0 0 1 0 NA 0 12 0 NA NA 64 96 4 500000 NA NA 12 168 4 1 0.44340092 0.5565991 1.0 1.0 0.09683105 3.3683865 2.9928892 0.24287327 0.008076388 0.04378884 0.0083272755 0.09683105 0.19402431 0.05127149 0.16392891 0.015822755 0.10199032 0.011875546 0.06118984 0.09683105 3.3683865 2.9928892 
28 3 16 "3" NA 0 0 1 0 NA 0 12 0 NA NA 65 96 4 500000 NA NA 12 180 5 1 0.16263114 0.8373689 1.0 0.99999994 0.060821272 4.03928 2.2978125 0.06046396 0.016307224 0.032870613 0.016804896 0.09081908 0.060821272 0.02420223 0.58592546 0.013778471 0.0487978 0.013579492 0.035629462 0.060821272 4.03928 2.2978125 
28 3 17 "3" NA 0 0 1 0 NA 0 12 0 NA NA 62 96 4 500000 NA NA 12 192 5 1 0.8003328 0.19966719 1.0 0.99999994 0.12958185 2.9480643 2.4875684 0.013739653 0.0044301683 0.12958185 0.01678048 0.22789338 0.11601021 0.024844313 0.39134315 0.0073788394 0.0541854 0.004528387 0.009284253 0.12958185 2.9480643 2.4875684 
28 3 18 "3" NA 0 0 1 0 NA 0 12 0 NA NA 60 96 4 500000 NA NA 12 204 6 0 0.9383103 0.061689623 0.99999994 1.0 0.4011904 1.317641 2.3917403 0.4011904 0.0067132213 0.14281572 0.006128518 0.2253858 0.0219813 0.0055366484 0.09820155 8.434658e-4 0.014950555 0.0014532665 0.07479962 0.4011904 1.317641 2.3917403 
28 3 19 "3" NA 0 0 1 0 NA 0 12 0 NA NA 71 96 4 500000 NA NA 12 216 7 1 0.70283824 0.29716182 1.0 1.0 0.23589425 2.083788 2.85202 0.15882358 0.007969219 0.14405313 0.0031241805 0.18623137 0.028643468 0.0076433104 0.09900657 0.0031438456 0.10901911 0.016447978 0.23589425 0.23589425 2.083788 2.85202 
28 3 20 "3" NA 0 0 1 0 NA 0 12 0 NA NA 69 96 4 500000 NA NA 12 228 5 2 0.9619112 0.038088806 0.99999994 0.99999994 0.3858337 1.3739489 1.8279452 0.43586662 0.0016687356 0.10776867 0.0014089926 0.011112247 0.0030349237 0.0016169236 0.019838557 0.0014089926 0.3858337 0.0016169236 0.028824676 0.3858337 1.3739489 1.8279452 
28 3 21 "3" NA 0 0 1 0 NA 0 12 0 NA NA 67 96 4 500000 NA NA 12 240 6 1 0.81876576 0.18123424 1.0 1.0 0.32115173 1.6386731 2.6540902 0.038095392 0.0032002234 0.054993697 0.0033630827 0.07924268 0.030898072 0.024926007 0.32115173 0.015035559 0.24105696 0.007880811 0.18015586 0.32115173 1.6386731 2.6540902 
28 3 22 "3" NA 0 0 1 0 NA 0 12 0 NA NA 65 96 4 500000 NA NA 12 252 6 1 0.5541905 0.44580954 1.0 1.0 0.14541604 2.7817416 3.0076063 0.18463565 0.0048824647 0.06311731 0.005072762 0.15199453 0.14541604 0.052523952 0.19932124 0.010630533 0.11703863 0.008352654 0.05701421 0.14541604 2.7817416 3.0076063 
28 3 23 "3" NA 0 0 1 0 NA 0 12 0 NA NA 64 96 4 500000 NA NA 12 264 6 2 0.90768975 0.092310175 1.0 0.99999994 0.56196374 0.83145106 2.1670563 0.009376835 0.0043903566 0.085518174 0.020473268 0.56196374 0.12475243 0.029931014 0.11443342 0.007191103 0.022801602 0.0045009125 0.014667199 0.56196374 0.83145106 2.1670563 
28 3 24 "3" NA 0 0 1 0 NA 0 12 0 NA NA 62 96 4 500000 NA NA 12 276 7 1 0.80097866 0.19902135 0.99999994 1.0 0.30040768 1.7350063 2.6813319 0.10260649 0.0036642605 0.30040768 0.0052289274 0.18351072 0.15707102 0.032612626 0.15479848 0.0028183626 0.046856944 0.002538395 0.007886114 0.30040768 1.7350063 2.6813319 
28 3 25 "3" NA 0 0 1 0 NA 0 12 0 NA NA 60 96 4 500000 NA NA 12 288 8 1 0.75829965 0.2417004 1.0 1.0 0.36844134 1.4404931 2.6014783 0.36844134 0.014201341 0.17137963 0.0038756859 0.17987713 0.037039775 0.009637733 0.09926889 0.0012388475 0.05808967 0.0022912773 0.054658655 0.36844134 1.4404931 2.6014783 
28 3 26 "3" NA 0 0 1 0 NA 0 12 0 NA NA 64 96 4 500000 NA NA 12 300 8 2 0.51463556 0.48536438 1.0 1.0 0.17547691 2.5106468 2.7226477 0.095197886 0.0070454613 0.11718134 0.0034657163 0.17547691 0.030863373 0.0066726077 0.09540636 0.003481676 0.1135142 0.012199718 0.3394948 0.17547691 2.5106468 2.7226477 
28 3 27 "3" NA 0 0 1 0 NA 0 12 0 NA NA 62 96 4 500000 NA NA 12 312 7 2 0.17872602 0.821274 0.99999994 0.99999994 0.12072006 3.0502627 2.2459319 0.034654595 0.007508198 0.12072006 0.008361932 0.08336866 0.10426161 0.0127767725 0.55153155 0.0066333637 0.04285056 0.0064071296 0.020925503 0.12072006 3.0502627 2.2459319 
28 3 28 "3" NA 0 0 1 0 NA 0 12 0 NA NA 71 96 4 500000 NA NA 12 324 8 1 0.18513623 0.81486374 1.0 0.99999994 0.034399435 4.8614717 2.1337268 0.60425735 0.009580416 0.0635092 0.007143602 0.08070237 0.052148856 0.009702014 0.08612998 0.0054073436 0.040736075 0.0062832697 0.034399435 0.034399435 4.8614717 2.1337268 
28 3 29 "3" NA 0 0 1 0 NA 0 12 0 NA NA 60 96 4 500000 NA NA 12 336 5 1 0.9202337 0.07976619 1.0 1.0 0.47325918 1.0792975 2.2074327 0.47325918 0.0035053857 0.1150733 6.3632085e-4 0.022941586 6.9586927e-4 0.0022466723 0.1863098 0.0026578747 0.106565684 0.0048908684 0.081217445 0.47325918 1.0792975 2.2074327 
28 3 30 "3" NA 0 0 1 0 NA 0 12 0 NA NA 64 96 4 500000 NA NA 12 348 8 2 0.3335529 0.66644716 1.0 1.0 0.21824478 2.195981 2.755289 0.048953857 0.0071648243 0.10010691 0.0071871183 0.21824478 0.037843153 0.010200974 0.109251365 0.0072726896 0.29942816 0.0077769845 0.14656924 0.21824478 2.195981 2.755289 
28 3 31 "3" NA 0 0 1 0 NA 0 12 0 NA NA 67 96 4 500000 NA NA 12 360 5 2 0.34017402 0.659826 0.99999994 1.0 0.31926718 1.6471639 2.503591 0.042489365 0.00517561 0.31906044 0.006353043 0.09967581 0.118832745 0.015103102 0.31926718 0.004088452 0.042521678 0.003827147 0.023605488 0.31926718 1.6471639 2.503591 
28 3 32 "3" NA 0 0 1 0 NA 0 12 0 NA NA 64 96 4 500000 NA NA 12 372 5 3 0.37766185 0.6223381 1.0 0.99999994 0.17687176 2.4992244 2.8447394 0.22291961 0.004113042 0.06140294 0.004221619 0.17687176 0.22674553 0.020497663 0.13340022 0.007067429 0.08201062 0.005600246 0.055149183 0.17687176 2.4992244 2.8447394 
28 4 1 "4" NA 0 0 1 0 NA 0 0 0 NA NA 60 96 4 500000 NA NA 12 0 0 0 0.6588899 0.34111017 1.0 1.0 0.11644067 3.102333 3.4180748 0.11644067 0.0366011 0.12837395 0.026714839 0.12537532 0.077376164 0.07334587 0.14405577 0.040262487 0.097106874 0.041337468 0.09300949 0.11644067 3.102333 3.4180748 
28 4 2 "4" NA 0 0 1 0 NA 0 12 0 NA NA 60 96 4 500000 NA NA 12 12 1 0 0.69665366 0.3033464 1.0 1.0 0.31100258 1.6850016 2.844734 0.31100258 0.012726312 0.15655515 0.005482327 0.10898396 0.029764734 0.012923963 0.09286512 0.00551654 0.08745206 0.020312706 0.15641454 0.31100258 1.6850016 2.844734 
28 4 3 "4" NA 0 0 1 0 NA 0 12 0 NA NA 70 96 4 500000 NA NA 12 24 2 1 0.6575561 0.34244382 1.0 1.0 0.020804515 5.5869594 2.88951 0.36093724 0.013436947 0.12951484 0.010185971 0.09912182 0.044795983 0.02696372 0.08794967 0.013838653 0.07640073 0.020804515 0.11605 0.020804515 5.5869594 2.88951 
28 4 4 "4" NA 0 0 1 0 NA 0 12 0 NA NA 68 96 4 500000 NA NA 12 36 3 0 0.8355338 0.16446625 1.0 1.0 0.13007587 2.9425747 2.717808 0.19902536 0.049429473 0.005638957 0.013568707 0.004256597 0.0136659 0.03711103 0.006298312 0.13007587 0.3046815 0.18619089 0.05005741 0.13007587 2.9425747 2.717808 
28 4 5 "4" NA 0 0 1 0 NA 0 12 0 NA NA 67 96 4 500000 NA NA 12 48 3 0 0.8887384 0.11126164 1.0 1.0 0.027590547 5.179682 2.624716 0.00783549 0.058380492 0.006002042 0.020732788 0.008409539 0.031029934 0.3611292 0.027590547 0.21326375 0.03599311 0.19193268 0.03770048 0.027590547 5.179682 2.624716 
28 4 6 "4" NA 0 0 1 0 NA 0 12 0 NA NA 65 96 4 500000 NA NA 12 60 3 0 0.9985462 0.0014537728 1.0 1.0 0.019149346 5.706561 1.3388487 0.01703954 2.6656233e-4 0.01128636 2.855741e-4 0.020660844 0.019149346 0.017051853 0.10548236 0.7731821 0.025628809 5.714309e-4 0.009395183 0.019149346 5.706561 1.3388487 
28 4 7 "4" NA 0 0 1 0 NA 0 12 0 NA NA 63 96 4 500000 NA NA 12 72 2 0 0.9845855 0.015414475 1.0 1.0 0.013650991 6.19485 1.9466267 0.008350718 0.0024197868 0.120448574 0.013650991 0.604769 0.12808454 0.019409744 0.06658771 0.004186965 0.023652127 0.0025186345 0.005921123 0.013650991 6.19485 1.9466267 
28 4 8 "4" NA 0 0 1 0 NA 0 12 0 NA NA 62 96 4 500000 NA NA 12 84 3 0 0.74729484 0.25270513 1.0 1.0 0.084883794 3.558367 3.2087932 0.027372427 0.17090054 0.084883794 0.20008889 0.13224155 0.15176953 0.058866564 0.027892023 0.040739767 0.014430735 0.04257387 0.048240308 0.084883794 3.558367 3.2087932 
28 4 9 "4" NA 0 0 1 0 NA 0 12 0 NA NA 63 96 4 500000 NA NA 12 96 3 0 0.81233054 0.18766953 1.0 1.0 0.3056074 1.7102486 3.043835 0.12099053 0.07375234 0.16354048 0.3056074 0.05742558 0.062024966 0.033148352 0.04347645 0.0012336635 0.0348833 0.079011366 0.02490554 0.3056074 1.7102486 3.043835 
28 4 10 "4" NA 0 0 1 0 NA 0 12 0 NA NA 63 96 4 500000 NA NA 12 108 4 1 0.74775594 0.252244 1.0 0.99999994 0.11462058 3.125062 3.0787234 0.028905632 0.055815976 0.12397537 0.11462058 0.053016547 0.31674263 0.07173224 0.012563291 0.08150984 0.0067227827 0.057826236 0.07656888 0.11462058 3.125062 3.0787234 
28 4 11 "4" NA 0 0 1 0 NA 0 12 0 NA NA 62 96 4 500000 NA NA 12 120 4 1 0.72158444 0.27841556 1.0 1.0 0.3500347 1.51443 2.9955213 0.04931537 0.054332092 0.3500347 0.15141165 0.050280966 0.12803298 0.03280916 0.06144851 0.018203443 0.032416794 0.024904145 0.046810053 0.3500347 1.51443 2.9955213 
28 4 12 "4" NA 0 0 1 0 NA 0 12 0 NA NA 60 96 4 500000 NA NA 12 132 4 1 0.94936734 0.050632685 1.0 1.0 0.058047198 4.1066294 2.1264067 0.058047198 0.0710404 0.10884694 0.60023886 0.030280476 0.013345 0.06292939 0.019963263 3.1059314e-4 0.008502027 0.015089417 0.011406406 0.058047198 4.1066294 2.1264067 
28 4 13 "4" NA 0 0 1 0 NA 0 12 0 NA NA 70 96 4 500000 NA NA 12 144 3 1 0.7449478 0.25505215 1.0 1.0 0.05022554 4.315435 2.908662 0.27533618 0.024549404 0.17465381 0.0041130837 0.09267007 0.026010977 0.0080077145 0.093247615 0.0037284256 0.07374624 0.05022554 0.17371096 0.05022554 4.315435 2.908662 
28 4 14 "4" NA 0 0 1 0 NA 0 12 0 NA NA 68 96 4 500000 NA NA 12 156 4 1 0.89557487 0.104425095 1.0 1.0 0.10228043 3.289398 2.5001345 0.06635424 0.027691178 0.0029061455 0.007769838 0.0019993694 0.33765417 0.020366348 0.00327153 0.10228043 0.3132861 0.07675003 0.03967062 0.10228043 3.289398 2.5001345 
28 4 15 "4" NA 0 0 1 0 NA 0 12 0 NA NA 67 96 4 500000 NA NA 12 168 3 1 0.8188574 0.18114269 1.0 1.0 0.07159208 3.8040564 2.8616557 0.010598658 0.06283749 0.00875917 0.029538503 0.010541189 0.039796423 0.31306323 0.07159208 0.19129243 0.040242642 0.17973983 0.04199826 0.07159208 3.8040564 2.8616557 
28 4 16 "4" NA 0 0 1 0 NA 0 12 0 NA NA 66 96 4 500000 NA NA 12 180 4 1 0.98149717 0.018502863 0.99999994 1.0 0.014185667 6.1394224 1.8091745 0.014445434 2.3807777e-4 0.009577717 2.5998944e-4 0.017131787 0.5036097 0.014185667 0.06504326 0.3459298 0.021173138 5.095147e-4 0.007895932 0.014185667 6.1394224 1.8091745 
28 4 17 "4" NA 0 0 1 0 NA 0 12 0 NA NA 67 96 4 500000 NA NA 12 192 2 0 0.95913815 0.04086187 1.0 1.0 0.34265694 1.5451632 2.3126376 0.0090695135 0.004918379 0.03887141 0.005348377 0.3827918 0.023535652 0.09918137 0.34265694 0.012459882 0.051669292 0.0071410225 0.022356285 0.34265694 1.5451632 2.3126376 
28 4 18 "4" NA 0 0 1 0 NA 0 12 0 NA NA 67 96 4 500000 NA NA 12 204 3 1 0.7223781 0.27762195 1.0 1.0 0.19802131 2.3362722 3.0707674 0.091654345 0.003182731 0.0885402 0.004279831 0.10292041 0.11930152 0.14684787 0.19802131 0.013512472 0.15870062 0.0064104544 0.066628195 0.19802131 2.3362722 3.0707674 
28 4 19 "4" NA 0 0 1 0 NA 0 12 0 NA NA 65 96 4 500000 NA NA 12 216 4 1 0.729099 0.27090096 1.0 1.0 0.13318624 2.9084833 2.9811738 0.10867783 0.0031337696 0.069175154 0.004818821 0.09185815 0.13318624 0.12374936 0.27760994 0.012564661 0.11532921 0.007082646 0.05281414 0.13318624 2.9084833 2.9811738 
28 4 20 "4" NA 0 0 1 0 NA 0 12 0 NA NA 63 96 4 500000 NA NA 12 228 5 1 0.9765176 0.023482414 1.0 1.0 0.010972559 6.509956 1.9226657 0.007070346 0.0016520501 0.103059895 0.010972559 0.5710389 0.20278749 0.013214106 0.059881404 0.0028493775 0.021064723 0.0017211728 0.0046879444 0.010972559 6.509956 1.9226657 
28 4 21 "4" NA 0 0 1 0 NA 0 12 0 NA NA 62 96 4 500000 NA NA 12 240 4 2 0.61186546 0.3881346 1.0 1.0 0.20851837 2.2617536 2.9735994 0.027252052 0.09629421 0.20851837 0.31745538 0.06274284 0.09578016 0.050908662 0.02767843 0.032631252 0.012725748 0.033829182 0.034183804 0.20851837 2.2617536 2.9735994 
28 4 22 "4" NA 0 0 1 0 NA 0 12 0 NA NA 60 96 4 500000 NA NA 12 252 4 3 0.7717147 0.22828527 1.0 1.0 0.11214778 3.1565268 2.5513933 0.11214778 0.048366185 0.10711814 0.4967701 0.03813334 0.042643886 0.02598289 0.033144243 0.001031701 0.023748776 0.053669035 0.017243901 0.11214778 3.1565268 2.5513933 
28 4 23 "4" NA 0 0 1 0 NA 0 12 0 NA NA 70 96 4 500000 NA NA 12 264 4 2 0.6602878 0.33971214 1.0 1.0 0.09777472 3.3543947 2.9686196 0.24989139 0.024036165 0.20915641 0.0053718803 0.078019045 0.026575688 0.010938832 0.09359394 0.0047506806 0.06371998 0.09777472 0.13617122 0.09777472 3.3543947 2.9686196 
28 4 24 "4" NA 0 0 1 0 NA 0 12 0 NA NA 68 96 4 500000 NA NA 12 276 4 1 0.31771174 0.6822883 1.0 1.0 0.54426587 0.8776165 2.496552 0.07033385 0.02988734 0.019798826 0.035698432 0.011763867 0.06848518 0.040528495 0.026664585 0.54426587 0.061440676 0.05924332 0.031889595 0.54426587 0.8776165 2.496552 
28 4 25 "4" NA 0 0 1 0 NA 0 12 0 NA NA 67 96 4 500000 NA NA 12 288 4 1 0.2855566 0.71444345 1.0 1.0 0.51928234 0.94540894 2.5813093 0.03300147 0.032650948 0.02423969 0.047180682 0.017519373 0.041093465 0.088139966 0.51928234 0.07104814 0.027951559 0.0695214 0.028370904 0.51928234 0.94540894 2.5813093 
28 4 26 "4" NA 0 0 1 0 NA 0 12 0 NA NA 65 96 4 500000 NA NA 12 300 5 5 0.93424207 0.06575792 1.0 1.0 0.16388586 2.6092367 1.9646618 0.013385734 2.5695903e-4 0.008895428 2.923262e-4 0.01505013 0.16388586 0.5474227 0.050348528 0.17430548 0.018411718 5.4500805e-4 0.007200078 0.16388586 2.6092367 1.9646618 
28 4 27 "4" NA 0 0 1 0 NA 0 12 0 NA NA 63 96 4 500000 NA NA 12 312 3 1 0.73381895 0.26618102 1.0 1.0 0.5595639 0.83762527 2.078422 0.010135548 0.0031315116 0.06770633 0.5595639 0.19180588 0.07019365 0.017368516 0.0476287 0.0054836613 0.017126873 0.0037545317 0.0061009973 0.5595639 0.83762527 2.078422 
28 4 28 "4" NA 0 0 1 0 NA 0 12 0 NA NA 62 96 4 500000 NA NA 12 324 4 2 0.1758227 0.8241773 1.0 1.0 0.59264743 0.754754 2.2748435 0.036604904 0.026151396 0.59264743 0.11756989 0.02312259 0.040218458 0.033539005 0.03676855 0.029515503 0.014619536 0.029822856 0.01941996 0.59264743 0.754754 2.2748435 
28 4 29 "4" NA 0 0 1 0 NA 0 12 0 NA NA 60 96 4 500000 NA NA 12 336 5 5 0.85532117 0.1446788 1.0 1.0 0.1689817 2.565061 2.3471406 0.1689817 0.039658293 0.08964944 0.5239567 0.030472806 0.0323002 0.018651973 0.023456834 5.221488e-4 0.018028833 0.041676544 0.012644515 0.1689817 2.565061 2.3471406 
28 4 30 "4" NA 0 0 1 0 NA 0 12 0 NA NA 63 96 4 500000 NA NA 12 348 5 2 0.15052734 0.8494727 1.0 1.0 0.02704889 5.208287 2.2785783 0.12998194 0.01784901 0.044638213 0.02704889 0.02334448 0.029159784 0.023816003 0.05188759 0.01969378 0.022291534 0.58378375 0.026505096 0.02704889 5.208287 2.2785783 
28 4 31 "4" NA 0 0 1 0 NA 0 12 0 NA NA 67 96 4 500000 NA NA 12 360 2 1 0.73366123 0.2663388 0.99999994 1.0 0.027901843 5.1634955 3.0698352 0.027389495 0.1999906 0.25728145 0.12040596 0.10881684 0.102962844 0.044981763 0.027901843 0.026882684 0.013358558 0.028685322 0.041342594 0.027901843 5.1634955 3.0698352 
28 4 32 "4" NA 0 0 1 0 NA 0 12 0 NA NA 63 96 4 500000 NA NA 12 372 2 1 0.88518834 0.11481168 1.0 1.0 0.0016390115 9.252958 2.6538353 0.059510805 0.0013353446 0.03961821 0.0016390115 0.06316191 0.07080061 0.06377679 0.15872443 0.0049608797 0.0764561 0.42860612 0.031409778 0.0016390115 9.252958 2.6538353 
28 5 1 "5" NA 0 0 1 0 NA 0 0 0 NA NA 60 96 4 500000 NA NA 12 0 0 0 0.65863514 0.34136498 0.99999994 1.0 0.116428755 3.1024806 3.4185846 0.116428755 0.036595196 0.12833583 0.026890168 0.12529549 0.07738498 0.07332933 0.14401963 0.040315717 0.09705464 0.041389234 0.09296101 0.116428755 3.1024806 3.4185846 
28 5 2 "5" NA 0 0 1 0 NA 0 12 0 NA NA 71 96 4 500000 NA NA 12 12 1 0 0.6952613 0.30473867 0.99999994 1.0 0.15602514 2.6801496 2.848261 0.31115294 0.012753694 0.1561632 0.0058676177 0.10878273 0.029783418 0.012943596 0.092722096 0.005539948 0.08732975 0.020935923 0.15602514 0.15602514 2.6801496 2.848261 
28 5 3 "5" NA 0 0 1 0 NA 0 12 0 NA NA 60 96 4 500000 NA NA 12 24 2 0 0.8603208 0.1396792 1.0 1.0 0.24773796 2.0131133 2.6721087 0.24773796 0.0126280105 0.08606951 0.0126280105 0.03745338 0.01829318 0.014282427 0.067994416 0.0126280105 0.34907597 0.014282427 0.1269268 0.24773796 2.0131133 2.6721087 
28 5 4 "5" NA 0 0 1 0 NA 0 12 0 NA NA 62 96 4 500000 NA NA 12 36 3 1 0.5165534 0.48344666 1.0 1.0 0.14853385 2.7511363 2.9692864 0.170337 0.018917507 0.14853385 0.014821811 0.0802396 0.031332824 0.029578421 0.082729496 0.017531188 0.082000546 0.019448433 0.3045293 0.14853385 2.7511363 2.9692864 
28 5 5 "5" NA 0 0 1 0 NA 0 12 0 NA NA 63 96 4 500000 NA NA 12 48 4 0 0.89540005 0.10459994 1.0 1.0 0.0074903704 7.060747 2.588579 0.19963391 0.007738298 0.16525073 0.0074903704 0.3614223 0.017341385 0.007935974 0.08040769 0.010685631 0.025508547 0.007935974 0.10864923 0.0074903704 7.060747 2.588579 
28 5 6 "5" NA 0 0 1 0 NA 0 12 0 NA NA 62 96 4 500000 NA NA 12 60 3 0 0.816923 0.183077 1.0 1.0 0.33321095 1.5854923 2.9250379 0.032638893 0.06453074 0.33321095 0.08785147 0.06116216 0.14277673 0.04249946 0.0112693645 0.020121327 0.0063904445 0.16125804 0.03629048 0.33321095 1.5854923 2.9250379 
28 5 7 "5" NA 0 0 1 0 NA 0 12 0 NA NA 63 96 4 500000 NA NA 12 72 4 1 0.97976696 0.020233091 1.0 1.0 0.21135175 2.242282 1.7584647 0.6328974 0.019104684 0.04936894 0.21135175 0.023693085 0.009847698 0.012212067 0.01492274 2.0319533e-4 0.0063873 0.011178849 0.00883238 0.21135175 2.242282 1.7584647 
28 5 8 "5" NA 0 0 1 0 NA 0 12 0 NA NA 65 96 4 500000 NA NA 12 84 4 1 0.67742485 0.3225752 1.0 1.0 0.22511934 2.1512382 3.0211203 0.03768417 0.05562662 0.28180063 0.11084896 0.05320774 0.22511934 0.070020586 0.013086671 0.035177298 0.00817581 0.050692007 0.058560096 0.22511934 2.1512382 3.0211203 
28 5 9 "5" NA 0 0 1 0 NA 0 12 0 NA NA 67 96 4 500000 NA NA 12 96 5 0 0.9816519 0.018348174 1.0 1.0 0.0461209 4.4384356 2.0059428 0.0012495627 0.029512173 0.01770329 0.12275619 0.02981898 0.09400084 0.61454207 0.0461209 0.018449398 0.0028030698 0.022059172 9.844273e-4 0.0461209 4.4384356 2.0059428 
28 5 10 "5" NA 0 0 1 0 NA 0 12 0 NA NA 65 96 4 500000 NA NA 12 108 3 0 0.7960411 0.20395891 1.0 1.0 0.099942006 3.322765 3.0541253 0.08605664 0.0024879135 0.05907277 0.00318711 0.091931716 0.099942006 0.06875641 0.18735583 0.23846093 0.10786223 0.0049945815 0.049891792 0.099942006 3.322765 3.0541253 
28 5 11 "5" NA 0 0 1 0 NA 0 12 0 NA NA 67 96 4 500000 NA NA 12 120 3 1 0.9906051 0.009394863 0.99999994 1.0 0.060721543 4.0416474 1.6563191 0.005721257 0.0016562839 0.087713845 0.011308179 0.69147366 0.09739937 0.013455683 0.060721543 0.0028379573 0.021908667 0.0017018535 0.004101716 0.060721543 4.0416474 1.6563191 
28 5 12 "5" NA 0 0 1 0 NA 0 12 0 NA NA 69 96 4 500000 NA NA 12 132 4 1 0.64669126 0.35330874 1.0 1.0 0.11682841 3.0975368 3.0723839 0.109438896 0.005302823 0.07990627 0.0073852735 0.102548406 0.20327792 0.07862146 0.2037417 0.0141982 0.11682841 0.00934085 0.06940973 0.11682841 3.0975368 3.0723839 
28 5 13 "5" NA 0 0 1 0 NA 0 12 0 NA NA 71 96 4 500000 NA NA 12 144 5 0 0.90949184 0.090508156 1.0 1.0 0.18291654 2.4507427 2.6488743 0.086189285 0.002083449 0.045297638 0.0023159315 0.029643662 0.060055584 0.0323595 0.37268654 0.010548718 0.16488174 0.011021332 0.18291654 0.18291654 2.4507427 2.6488743 
28 5 14 "5" NA 0 0 1 0 NA 0 12 0 NA NA 60 96 4 500000 NA NA 12 156 5 1 0.9971343 0.0028656747 1.0 0.99999994 0.73840034 0.43752488 1.4080815 0.73840034 0.0030246407 0.09926257 1.4205015e-4 0.0041224556 1.322807e-4 0.0036415756 0.039667718 0.001951197 0.07051849 0.0012926194 0.037844054 0.73840034 0.43752488 1.4080815 
28 5 15 "5" NA 0 0 1 0 NA 0 12 0 NA NA 62 96 4 500000 NA NA 12 168 6 2 0.66912854 0.33087143 1.0 0.99999994 0.351665 1.5077263 2.7320514 0.098792695 0.009064379 0.351665 0.009068781 0.06517919 0.023560246 0.019662797 0.084008045 0.0093532605 0.09908465 0.01284396 0.2177171 0.351665 1.5077263 2.7320514 
28 5 16 "5" NA 0 0 1 0 NA 0 12 0 NA NA 63 96 4 500000 NA NA 12 180 6 1 0.50727326 0.4927267 1.0 1.0 0.09895197 3.3371277 3.200511 0.16223021 0.025432032 0.13220318 0.09895197 0.19876161 0.038607072 0.019991947 0.10460537 0.021222835 0.049534194 0.019991947 0.12846768 0.09895197 3.3371277 3.200511 
28 5 17 "5" NA 0 0 1 0 NA 0 12 0 NA NA 65 96 4 500000 NA NA 12 192 4 3 0.92182004 0.07818 1.0 0.99999994 0.10865439 3.2021818 2.135358 0.014676839 0.037501987 0.5933663 0.044861536 0.03529997 0.10865439 0.023408659 0.0054686763 0.01006823 0.0028831798 0.10726744 0.016542796 0.10865439 3.2021818 2.135358 
28 5 18 "5" NA 0 0 1 0 NA 0 12 0 NA NA 63 96 4 500000 NA NA 12 204 3 1 0.6066744 0.3933257 0.99999994 1.0 0.13489227 2.8901203 2.894832 0.007920039 0.04528872 0.040760927 0.13489227 0.045579117 0.1257844 0.25396556 0.25409 0.033876892 0.013174862 0.037832554 0.00683466 0.13489227 2.8901203 2.894832 
28 5 19 "5" NA 0 0 1 0 NA 0 12 0 NA NA 62 96 4 500000 NA NA 12 216 4 1 0.6813357 0.31866428 1.0 0.99999994 0.257289 1.9585384 3.1040628 0.023686374 0.15007465 0.257289 0.116137035 0.04371033 0.16995938 0.046462506 0.024871588 0.02829897 0.015496026 0.07731806 0.04669605 0.257289 1.9585384 3.1040628 
28 5 20 "5" NA 0 0 1 0 NA 0 12 0 NA NA 60 96 4 500000 NA NA 12 228 5 1 0.117607735 0.8823923 1.0 1.0 0.04090639 4.61153 1.9937812 0.04090639 0.021415869 0.04087245 0.6774312 0.020653922 0.035519805 0.019074457 0.03373879 0.01166601 0.043640066 0.023479901 0.031601135 0.04090639 4.61153 1.9937812 
28 5 21 "5" NA 0 0 1 0 NA 0 12 0 NA NA 70 96 4 500000 NA NA 12 240 4 1 0.5996744 0.40032557 0.99999994 1.0 0.08377377 3.5773575 3.124602 0.13421805 0.029040985 0.20942418 0.099762894 0.051574662 0.026903966 0.015301005 0.06488012 0.00868557 0.056610398 0.08377377 0.21982437 0.08377377 3.5773575 3.124602 
28 5 22 "5" NA 0 0 1 0 NA 0 12 0 NA NA 68 96 4 500000 NA NA 12 252 5 0 0.9633021 0.036697842 1.0 1.0 0.47455415 1.0753554 2.2764122 0.047246654 0.025971454 0.0021699925 0.0060463394 0.0015371867 0.09340602 0.018663015 0.0024648295 0.47455415 0.23550938 0.06018475 0.032246165 0.47455415 1.0753554 2.2764122 
28 5 23 "5" NA 0 0 1 0 NA 0 12 0 NA NA 67 96 4 500000 NA NA 12 264 4 0 0.90764797 0.092352025 1.0 1.0 0.28769255 1.7974004 2.6792982 0.0054648356 0.04595762 0.0046733716 0.01702088 0.0063526887 0.025020314 0.27251655 0.28769255 0.14258756 0.029114034 0.13307442 0.030525174 0.28769255 1.7974004 2.6792982 
28 5 24 "5" NA 0 0 1 0 NA 0 12 0 NA NA 66 96 4 500000 NA NA 12 276 7 1 0.9815523 0.018447625 1.0 1.0 0.153209 2.706427 1.9343234 0.012255526 2.034684e-4 0.008143424 2.3494814e-4 0.014644803 0.5531424 0.153209 0.04672363 0.1856 0.018609455 4.3314253e-4 0.006800077 0.153209 2.706427 1.9343234 
28 5 25 "5" NA 0 0 1 0 NA 0 12 0 NA NA 67 96 4 500000 NA NA 12 288 3 0 0.99157435 0.008425685 1.0 1.0 0.58337545 0.7775034 1.8231106 0.005079349 0.002789124 0.023163412 0.0029423162 0.25151467 0.01378889 0.061004177 0.58337545 0.007144567 0.03180338 0.0040183403 0.013376306 0.58337545 0.7775034 1.8231106 
28 5 26 "5" NA 0 0 1 0 NA 0 12 0 NA NA 65 96 4 500000 NA NA 12 300 4 1 0.8353253 0.1646747 0.99999994 1.0 0.08394102 3.5744803 2.897543 0.07270665 0.0018188339 0.07590779 0.002211913 0.102168284 0.08394102 0.10731971 0.27563685 0.008603399 0.2011235 0.0036045772 0.06495753 0.08394102 3.5744803 2.897543 
28 5 27 "5" NA 0 0 1 0 NA 0 12 0 NA NA 63 96 4 500000 NA NA 12 312 4 2 0.99108595 0.008914104 1.0 1.0 0.0101309875 6.625081 1.6595356 0.0050678896 0.0014691328 0.10126268 0.0101309875 0.668272 0.13745473 0.011978084 0.042085886 0.0025244073 0.014615188 0.0015134495 0.0036254951 0.0101309875 6.625081 1.6595356 
28 5 28 "5" NA 0 0 1 0 NA 0 12 0 NA NA 62 96 4 500000 NA NA 12 324 3 2 0.639892 0.360108 1.0 1.0 0.2959862 1.7563981 3.0817854 0.02575769 0.12102902 0.2959862 0.123469 0.077819586 0.14738636 0.053858362 0.024885701 0.03380868 0.015955469 0.035083503 0.044960335 0.2959862 1.7563981 3.0817854 
28 5 29 "5" NA 0 0 1 0 NA 0 12 0 NA NA 60 96 4 500000 NA NA 12 336 4 3 0.8278228 0.17217718 1.0 1.0 0.32167828 1.6363095 2.6605704 0.32167828 0.048043657 0.10212035 0.31449234 0.037230015 0.038020987 0.022346526 0.026470859 7.017881e-4 0.023539014 0.048657667 0.016698446 0.32167828 1.6363095 2.6605704 
28 5 30 "5" NA 0 0 1 0 NA 0 12 0 NA NA 63 96 4 500000 NA NA 12 348 5 2 0.68768823 0.31231177 1.0 1.0 0.1317462 2.9241667 2.9945393 0.09848274 0.024028864 0.13738221 0.1317462 0.046422325 0.017515467 0.012604089 0.048068132 0.0065860967 0.04111049 0.29081723 0.14523618 0.1317462 2.9241667 2.9945393 
28 5 31 "5" NA 0 0 1 0 NA 0 12 0 NA NA 67 96 4 500000 NA NA 12 360 3 1 0.88833725 0.11166274 1.0 1.0 0.38683164 1.3702223 2.7438507 0.012845204 0.16112876 0.13769709 0.0566742 0.0754423 0.079348065 0.025770657 0.38683164 0.013818136 0.007203954 0.014947771 0.028292183 0.38683164 1.3702223 2.7438507 
28 5 32 "5" NA 0 0 1 0 NA 0 12 0 NA NA 63 96 4 500000 NA NA 12 372 3 1 0.9585572 0.041442763 1.0 1.0 0.54792315 0.86795455 2.2967963 0.03154296 5.703011e-4 0.021059424 0.54792315 0.037135802 0.036379676 0.032461267 0.081818625 0.0022198258 0.047931366 0.1432978 0.017659869 0.54792315 0.86795455 2.2967963 
28 6 1 "6" NA 0 0 1 0 NA 0 0 0 NA NA 60 96 4 500000 NA NA 12 0 0 0 0.65844387 0.3415561 1.0 1.0 0.11642239 3.1025593 3.4189732 0.11642239 0.03658703 0.12831628 0.027062314 0.12522271 0.077408984 0.07331308 0.1439828 0.040325966 0.09701838 0.041398622 0.09294149 0.11642239 3.1025593 3.4189732 
28 6 2 "6" NA 0 0 1 0 NA 0 12 0 NA NA 63 96 4 500000 NA NA 12 12 1 0 0.6945226 0.3054774 1.0 1.0 0.006234688 7.3254666 2.850596 0.3110865 0.012766115 0.15608265 0.006234688 0.10865166 0.029791553 0.012954745 0.092628255 0.005551007 0.08724602 0.021143155 0.15586367 0.006234688 7.3254666 2.850596 
28 6 3 "6" NA 0 0 1 0 NA 0 12 0 NA NA 67 96 4 500000 NA NA 12 24 2 0 0.6167389 0.3832611 1.0 1.0 0.12071909 3.0502744 3.3241322 0.051365066 0.1714086 0.13929716 0.14192657 0.101212196 0.095004454 0.04695495 0.12071909 0.030462198 0.0193807 0.03217024 0.050098807 0.12071909 3.0502744 3.3241322 
28 6 4 "6" NA 0 0 1 0 NA 0 12 0 NA NA 65 96 4 500000 NA NA 12 36 3 0 0.9930815 0.0069184424 1.0 0.99999994 0.021313764 5.5520706 1.642594 0.019021012 3.022289e-4 0.012536926 0.7225162 0.022874316 0.021313764 0.018940184 0.051061377 0.0012186256 0.028361851 0.091406845 0.010446679 0.021313764 5.5520706 1.642594 
28 6 5 "6" NA 0 0 1 0 NA 0 12 0 NA NA 63 96 4 500000 NA NA 12 48 2 0 0.981517 0.01848299 0.99999994 1.0 0.017518621 5.8349667 1.9715999 0.008441608 0.0024408696 0.12002739 0.017518621 0.59963125 0.12838157 0.019452214 0.06779196 0.004161693 0.023689298 0.0025074012 0.00595608 0.017518621 5.8349667 1.9715999 
28 6 6 "6" NA 0 0 1 0 NA 0 12 0 NA NA 60 96 4 500000 NA NA 12 60 3 1 0.570441 0.42955893 1.0 1.0 0.040112354 4.6398096 3.3022377 0.040112354 0.12343339 0.16418226 0.16748722 0.084142655 0.15316433 0.05462171 0.07586661 0.036030684 0.018064741 0.037196234 0.04569771 0.040112354 4.6398096 3.3022377 
28 6 7 "6" NA 0 0 1 0 NA 0 12 0 NA NA 67 96 4 500000 NA NA 12 72 2 1 0.6624851 0.33751482 1.0 1.0 0.088711485 3.4947352 2.9903507 0.19085807 0.18636186 0.1911451 0.011124132 0.06939118 0.030065669 0.00912646 0.088711485 0.004066525 0.056287147 0.014562275 0.14830014 0.088711485 3.4947352 2.9903507 
28 6 8 "6" NA 0 0 1 0 NA 0 12 0 NA NA 63 96 4 500000 NA NA 12 84 2 1 0.3837583 0.61624175 1.0 1.0 0.05871182 4.090205 3.0051973 0.18204793 0.02498682 0.034877747 0.05871182 0.06028127 0.23657034 0.02705933 0.24327832 0.025707636 0.04994088 0.02705933 0.029478613 0.05871182 4.090205 3.0051973 
28 6 9 "6" NA 0 0 1 0 NA 0 12 0 NA NA 62 96 4 500000 NA NA 12 96 3 1 0.8207037 0.17929628 1.0 1.0 0.42704803 1.2275298 2.5832446 0.023681473 0.083430946 0.42704803 0.21805651 0.03521843 0.09202099 0.026537187 0.025940103 0.014920614 0.008174185 0.016044104 0.028927388 0.42704803 1.2275298 2.5832446 
28 6 10 "6" NA 0 0 1 0 NA 0 12 0 NA NA 60 96 4 500000 NA NA 12 108 4 0 0.9373134 0.06268664 1.0 1.0 0.5443498 0.8773941 2.2029696 0.5443498 0.13568616 0.06524217 0.13664141 0.030394452 0.014236427 0.01612255 0.02192666 3.2035948e-4 0.008672776 0.01481512 0.011592152 0.5443498 0.8773941 2.2029696 
28 6 11 "6" NA 0 0 1 0 NA 0 12 0 NA NA 70 96 4 500000 NA NA 12 120 4 1 0.5884482 0.41155174 1.0 1.0 0.05968581 4.0664682 3.0178208 0.32360488 0.026858252 0.118710816 0.107320145 0.04718454 0.032394167 0.014318771 0.12753175 0.008216764 0.03937789 0.05968581 0.094796255 0.05968581 4.0664682 3.0178208 
28 6 12 "6" NA 0 0 1 0 NA 0 12 0 NA NA 68 96 4 500000 NA NA 12 132 4 0 0.9059548 0.09404519 1.0 1.0 0.36513686 1.4534907 2.5632498 0.06464135 0.03295857 0.0034468572 0.009351069 0.0023082898 0.118575245 0.0241547 0.0040706545 0.36513686 0.25727564 0.078427665 0.039653018 0.36513686 1.4534907 2.5632498 
28 6 13 "6" NA 0 0 1 0 NA 0 12 0 NA NA 67 96 4 500000 NA NA 12 144 4 0 0.91374177 0.08625817 1.0 1.0 0.37642708 1.4095577 2.5372 0.0048267744 0.03951748 0.0040790797 0.01514867 0.00539038 0.022085989 0.2371454 0.37642708 0.12734443 0.0240343 0.11879319 0.025207236 0.37642708 1.4095577 2.5372 
28 6 14 "6" NA 0 0 1 0 NA 0 12 0 NA NA 65 96 4 500000 NA NA 12 156 6 1 0.9230787 0.076921366 1.0 1.0 0.24456637 2.031702 2.3200665 0.019421523 3.791538e-4 0.012851652 5.621551e-4 0.021152765 0.24456637 0.3522552 0.0687208 0.24323435 0.025832755 8.1411854e-4 0.010209167 0.24456637 2.031702 2.3200665 
28 6 15 "6" NA 0 0 1 0 NA 0 12 0 NA NA 63 96 4 500000 NA NA 12 168 3 1 0.9861763 0.0138236545 1.0 1.0 0.61570853 0.69968057 1.679102 0.0032404086 9.335103e-4 0.04727351 0.61570853 0.23539887 0.04962207 0.007513162 0.026281368 0.0016131629 0.0091582155 9.6958823e-4 0.0022875634 0.61570853 0.69968057 1.679102 
28 6 16 "6" NA 0 0 1 0 NA 0 12 0 NA NA 62 96 4 500000 NA NA 12 180 4 2 0.7193873 0.28061274 1.0 1.0 0.39653403 1.3344835 2.8909736 0.08142218 0.10086394 0.39653403 0.107586935 0.053686842 0.09714495 0.03629214 0.029648954 0.02693091 0.010034626 0.028205466 0.031649157 0.39653403 1.3344835 2.8909736 
28 6 17 "6" NA 0 0 1 0 NA 0 12 0 NA NA 60 96 4 500000 NA NA 12 192 8 1 0.8610163 0.13898379 1.0 1.0 0.43031406 1.2165381 2.451395 0.43031406 0.039353956 0.09137189 0.2623558 0.03018596 0.032697786 0.01686005 0.023835994 5.142563e-4 0.01779682 0.0422612 0.012452346 0.43031406 1.2165381 2.451395 
28 6 18 "6" NA 0 0 1 0 NA 0 12 0 NA NA 71 96 4 500000 NA NA 12 204 6 2 0.75577503 0.24422497 1.0 1.0 0.07839743 3.67305 2.6769476 0.08275414 0.0155177815 0.08941141 0.3642952 0.031996015 0.012040795 0.006914593 0.04739821 0.004110035 0.025364075 0.24180028 0.07839743 0.07839743 3.67305 2.6769476 
28 6 19 "6" NA 0 0 1 0 NA 0 12 0 NA NA 60 96 4 500000 NA NA 12 216 4 0 0.9562651 0.04373491 1.0 0.99999994 0.16880473 2.5665727 2.3054032 0.16880473 0.0042563537 0.067428246 0.0037550847 0.026760528 0.0075624343 0.0041249613 0.04807042 0.0036940507 0.28459087 0.0042357743 0.37671652 0.16880473 2.5665727 2.3054032 
28 6 20 "6" NA 0 0 1 0 NA 0 12 0 NA NA 62 96 4 500000 NA NA 12 228 4 1 0.8357923 0.16420768 1.0 1.0 0.310975 1.6851295 2.8398957 0.12002086 0.010070443 0.310975 0.0073919264 0.10299631 0.02123199 0.017491126 0.13615756 0.008296405 0.105079345 0.010995934 0.14929305 0.310975 1.6851295 2.8398957 
28 6 21 "6" NA 0 0 1 0 NA 0 12 0 NA NA 63 96 4 500000 NA NA 12 240 5 1 0.36761636 0.63238364 1.0 1.0 0.035779707 4.8047147 2.5782979 0.5054356 0.015157038 0.10148497 0.035779707 0.07390191 0.033891298 0.015520945 0.07846033 0.028195994 0.02391957 0.024059389 0.0641932 0.035779707 4.8047147 2.5782979 
28 6 22 "6" NA 0 0 1 0 NA 0 12 0 NA NA 62 96 4 500000 NA NA 12 252 5 1 0.8977262 0.10227386 1.0 1.0 0.4968483 1.0091227 2.3469625 0.019344281 0.04042426 0.4968483 0.05339924 0.038328473 0.21654113 0.025682576 0.007840633 0.01211222 0.0031847628 0.06750253 0.01879162 0.4968483 1.0091227 2.3469625 
28 6 23 "6" NA 0 0 1 0 NA 0 12 0 NA NA 63 96 4 500000 NA NA 12 264 5 2 0.5553659 0.444634 1.0 1.0 0.31880897 1.6492358 2.3049889 0.43329453 0.023541495 0.06494773 0.31880897 0.026596395 0.022006165 0.01826709 0.033355083 0.0024388735 0.012650898 0.023645889 0.020446977 0.31880897 1.6492358 2.3049889 
28 6 24 "6" NA 0 0 1 0 NA 0 12 0 NA NA 65 96 4 500000 NA NA 12 276 5 2 0.85281307 0.1471869 1.0 1.0 0.47499666 1.0740107 2.5076673 0.021387788 0.039080605 0.19283843 0.075592786 0.037153296 0.47499666 0.052585546 0.00906956 0.024466887 0.0034962897 0.038784523 0.030547505 0.47499666 1.0740107 2.5076673 
28 6 25 "6" NA 0 0 1 0 NA 0 12 0 NA NA 67 96 4 500000 NA NA 12 288 6 1 0.46903947 0.53096056 1.0 1.0 0.18906672 2.4030325 2.6761386 0.011927059 0.027991423 0.042328205 0.4071807 0.028130086 0.09398891 0.11001748 0.18906672 0.034398418 0.00908932 0.03746447 0.0084170755 0.18906672 2.4030325 2.6761386 
28 6 26 "6" NA 0 0 1 0 NA 0 12 0 NA NA 65 96 4 500000 NA NA 12 300 6 1 0.6064331 0.39356694 0.99999994 1.0 0.28647572 1.8035152 3.021644 0.09774723 0.004439032 0.073110245 0.013083823 0.07018575 0.28647572 0.05569667 0.19918652 0.056396462 0.07929466 0.010461289 0.053922623 0.28647572 1.8035152 3.021644 
28 6 27 "6" NA 0 0 1 0 NA 0 12 0 NA NA 67 96 4 500000 NA NA 12 312 4 2 0.6963106 0.3036894 1.0 0.99999994 0.37803972 1.4033903 2.448902 0.013858464 0.003981591 0.09466944 0.056952853 0.28559628 0.102353774 0.017359924 0.37803972 0.007437074 0.024968753 0.005191541 0.009590742 0.37803972 1.4033903 2.448902 
28 6 28 "6" NA 0 0 1 0 NA 0 12 0 NA NA 71 96 4 500000 NA NA 12 324 5 2 0.44429377 0.5557062 1.0 1.0 0.059213847 4.0779214 3.0143397 0.10400429 0.0076170852 0.08351561 0.031598765 0.05886322 0.3092816 0.048597928 0.18860894 0.023645438 0.06732342 0.017729962 0.059213847 0.059213847 4.0779214 3.0143397 
28 6 29 "6" NA 0 0 1 0 NA 0 12 0 NA NA 60 96 4 500000 NA NA 12 336 4 1 0.9802147 0.019785272 1.0 1.0 0.61132824 0.7099809 1.7273734 0.61132824 0.004150785 0.21323758 3.9972388e-4 0.007898229 0.0014716032 0.0032662237 0.027925707 0.0013754783 0.07236473 0.0034532864 0.053128313 0.61132824 0.7099809 1.7273734 
28 6 30 "6" NA 0 0 1 0 NA 0 12 0 NA NA 63 96 4 500000 NA NA 12 348 5 2 0.6949754 0.3050246 0.99999994 1.0 0.014417716 6.1160135 2.8518224 0.10400096 0.009110278 0.34454975 0.014417716 0.059048302 0.030697128 0.020138338 0.12009894 0.012706705 0.11870417 0.017577397 0.14895034 0.014417716 6.1160135 2.8518224 
28 6 31 "6" NA 0 0 1 0 NA 0 12 0 NA NA 67 96 4 500000 NA NA 12 360 3 2 0.5895759 0.4104242 1.0 1.0 0.24221951 2.045613 2.9384058 0.031277485 0.07039783 0.28802136 0.069632985 0.09169654 0.096630424 0.02038437 0.24221951 0.02016074 0.008748051 0.02123997 0.039590694 0.24221951 2.045613 2.9384058 
28 6 32 "6" NA 0 0 1 0 NA 0 12 0 NA NA 63 96 4 500000 NA NA 12 372 3 2 0.78423536 0.21576463 0.99999994 0.99999994 0.3846068 1.3785437 2.5168052 0.033701863 9.3894027e-4 0.024415035 0.3846068 0.028608104 0.2917849 0.024646899 0.07885281 0.003489271 0.033902854 0.070067175 0.024985328 0.3846068 1.3785437 2.5168052 
