dataset.id melody.id note.id melody.name vertint12 articulation comma voice ornament dyn phrase bioi deltast accidental mpitch cpitch barlength pulses tempo mode keysig dur onset cpitch.order.stm.cpitch cpitch.weight.stm.cpitch cpitch.probability cpitch.information.content cpitch.entropy cpitch.60 cpitch.62 cpitch.63 cpitch.64 cpitch.65 cpitch.66 cpitch.67 cpitch.68 cpitch.69 cpitch.70 cpitch.71 probability information.content entropy 
28 1 1 "1" NA 0 0 1 0 NA 0 0 0 NA NA 60 96 4 500000 NA NA 12 0 0 1.0 0.090909086 3.4594316 3.4594312 0.090909086 0.090909086 0.090909086 0.090909086 0.090909086 0.090909086 0.090909086 0.090909086 0.090909086 0.090909086 0.090909086 0.090909086 3.4594316 3.4594312 
28 1 2 "1" NA 0 0 1 0 NA 0 12 0 NA NA 64 96 4 500000 NA NA 12 12 0 1.0 0.06060606 4.044394 2.9805846 0.3939394 0.06060606 0.06060606 0.06060606 0.06060606 0.06060606 0.06060606 0.06060606 0.06060606 0.06060606 0.06060606 0.06060606 4.044394 2.9805846 
28 1 3 "1" NA 0 0 1 0 NA 0 12 0 NA NA 63 96 4 500000 NA NA 12 24 0 1.0 0.05660377 4.142958 3.1051767 0.245283 0.05660377 0.05660377 0.245283 0.05660377 0.05660377 0.05660377 0.05660377 0.05660377 0.05660377 0.05660377 0.05660377 4.142958 3.1051767 
28 1 4 "1" NA 0 0 1 0 NA 0 12 0 NA NA 64 96 4 500000 NA NA 12 36 0 1.0 0.1830986 2.4493072 3.2157023 0.1830986 0.056338027 0.1830986 0.1830986 0.056338027 0.056338027 0.056338027 0.056338027 0.056338027 0.056338027 0.056338027 0.1830986 2.4493072 3.2157023 
28 1 5 "1" NA 0 0 1 0 NA 0 12 0 NA NA 67 96 4 500000 NA NA 12 48 1 1.0 0.04081633 4.61471 2.8076837 0.13265307 0.04081633 0.40816334 0.13265307 0.04081633 0.04081633 0.04081633 0.04081633 0.04081633 0.04081633 0.04081633 0.04081633 4.61471 2.8076837 
28 1 6 "1" NA 0 0 1 0 NA 0 12 0 NA NA 66 96 4 500000 NA NA 12 60 0 1.0 0.057471268 4.121015 3.2970777 0.14942528 0.057471268 0.14942528 0.14942528 0.057471268 0.057471268 0.14942528 0.057471268 0.057471268 0.057471268 0.057471268 0.057471268 4.121015 3.2970777 
28 1 7 "1" NA 0 0 1 0 NA 0 12 0 NA NA 67 96 4 500000 NA NA 12 72 0 1.0 0.12871286 2.9577718 3.3553677 0.12871286 0.059405934 0.12871286 0.12871286 0.059405934 0.12871286 0.12871286 0.059405934 0.059405934 0.059405934 0.059405934 0.12871286 2.9577718 3.3553677 
28 1 8 "1" NA 0 0 1 0 NA 0 12 0 NA NA 69 96 4 500000 NA NA 12 84 1 1.0 0.04411765 4.5025 3.0171704 0.09558823 0.04411765 0.09558823 0.09558823 0.04411765 0.35294116 0.09558823 0.04411765 0.04411765 0.04411765 0.04411765 0.04411765 4.5025 3.0171704 
28 1 9 "1" NA 0 0 1 0 NA 0 12 0 NA NA 67 96 4 500000 NA NA 12 96 0 1.0 0.11504423 3.1197395 3.396358 0.11504423 0.06194689 0.11504423 0.11504423 0.06194689 0.11504423 0.11504423 0.06194689 0.11504423 0.06194689 0.06194689 0.11504423 3.1197395 3.396358 
28 1 10 "1" NA 0 0 1 0 NA 0 12 0 NA NA 64 96 4 500000 NA NA 12 108 1 1.0 0.08280255 3.594181 3.1562123 0.08280255 0.04458599 0.08280255 0.08280255 0.04458599 0.22292992 0.08280255 0.04458599 0.22292992 0.04458599 0.04458599 0.08280255 3.594181 3.1562123 
28 1 11 "1" NA 0 0 1 0 NA 0 12 0 NA NA 62 96 4 500000 NA NA 12 120 1 1.0 0.039473683 4.662965 3.1188903 0.078947365 0.039473683 0.22368419 0.11842105 0.039473683 0.078947365 0.22368419 0.039473683 0.078947365 0.039473683 0.039473683 0.039473683 4.662965 3.1188903 
28 1 12 "1" NA 0 0 1 0 NA 0 12 0 NA NA 60 96 4 500000 NA NA 12 132 0 1.0 0.102564104 3.285402 3.3984835 0.102564104 0.102564104 0.102564104 0.14529915 0.059829056 0.102564104 0.102564104 0.059829056 0.102564104 0.059829056 0.059829056 0.102564104 3.285402 3.3984835 
28 1 13 "1" NA 0 0 1 0 NA 0 12 0 NA NA 71 96 4 500000 NA NA 12 144 1 1.0 0.04682274 4.416647 3.1077719 0.080267556 0.080267556 0.080267556 0.33110368 0.04682274 0.080267556 0.080267556 0.04682274 0.080267556 0.04682274 0.04682274 0.04682274 4.416647 3.1077719 
28 1 14 "1" NA 0 0 1 0 NA 0 12 0 NA NA 69 96 4 500000 NA NA 12 156 0 1.0 0.09677418 3.369234 3.4288986 0.09677418 0.09677418 0.09677418 0.12903225 0.06451612 0.09677418 0.09677418 0.06451612 0.09677418 0.06451612 0.09677418 0.09677418 3.369234 3.4288986 
28 1 15 "1" NA 0 0 1 0 NA 0 12 0 NA NA 67 96 4 500000 NA NA 12 168 1 1.0 0.2820513 1.8259705 3.2191696 0.07692307 0.07692307 0.07692307 0.102564104 0.051282052 0.07692307 0.2820513 0.051282052 0.07692307 0.051282052 0.07692307 0.2820513 1.8259705 3.2191696 
28 1 16 "1" NA 0 0 1 0 NA 0 12 0 NA NA 65 96 4 500000 NA NA 12 180 2 0.99999994 0.039603952 4.6582117 3.0382206 0.05940593 0.05940593 0.05940593 0.33663362 0.039603952 0.12376236 0.05940593 0.039603952 0.12376236 0.039603952 0.05940593 0.039603952 4.6582117 3.0382206 
28 1 17 "1" NA 0 0 1 0 NA 0 12 0 NA NA 64 96 4 500000 NA NA 12 192 0 1.0 0.11627907 3.1043367 3.446743 0.093023255 0.093023255 0.093023255 0.11627907 0.093023255 0.093023255 0.093023255 0.06976744 0.093023255 0.06976744 0.093023255 0.11627907 3.1043367 3.446743 
28 1 18 "1" NA 0 0 1 0 NA 0 12 0 NA NA 60 96 4 500000 NA NA 12 204 1 1.0 0.07272728 3.7813594 3.361007 0.07272728 0.14545456 0.14545456 0.0909091 0.07272728 0.07272728 0.14545456 0.054545455 0.07272728 0.054545455 0.07272728 0.07272728 3.7813594 3.361007 
28 1 19 "1" NA 0 0 1 0 NA 0 12 0 NA NA 67 96 4 500000 NA NA 12 216 1 1.0 0.07189542 3.7979562 3.30174 0.091503255 0.07189542 0.07189542 0.19607839 0.07189542 0.07189542 0.07189542 0.05228758 0.07189542 0.05228758 0.17647058 0.07189542 3.7979562 3.30174 
28 1 20 "1" NA 0 0 1 0 NA 0 12 0 NA NA 64 96 4 500000 NA NA 12 228 1 1.0 0.14597544 2.7762024 3.364359 0.08867667 0.068212815 0.068212815 0.14597544 0.12551159 0.12551159 0.08867667 0.047748975 0.12551159 0.047748975 0.068212815 0.14597544 2.7762024 3.364359 
28 1 21 "1" NA 0 0 1 0 NA 0 12 0 NA NA 63 96 4 500000 NA NA 12 240 2 1.0 0.101482324 3.3006997 3.170067 0.118586086 0.27936146 0.101482324 0.074116305 0.05701254 0.05701254 0.118586086 0.039908778 0.05701254 0.039908778 0.05701254 0.101482324 3.3006997 3.170067 
28 1 22 "1" NA 0 0 1 0 NA 0 12 0 NA NA 64 96 4 500000 NA NA 12 252 1 1.0 0.27797836 1.8469555 3.232144 0.093862824 0.07220217 0.07220217 0.27797836 0.07220217 0.07220217 0.093862824 0.050541516 0.07220217 0.050541516 0.07220217 0.27797836 1.8469555 3.232144 
28 1 23 "1" NA 0 0 1 0 NA 0 12 0 NA NA 67 96 4 500000 NA NA 12 264 2 1.0 0.3075965 1.700889 3.0704894 0.11332502 0.09838106 0.14694892 0.06475716 0.049813196 0.049813196 0.3075965 0.03486924 0.049813196 0.03486924 0.049813196 0.3075965 1.700889 3.0704894 
28 1 24 "1" NA 0 0 1 0 NA 0 12 0 NA NA 64 96 4 500000 NA NA 12 276 2 1.0 0.11875693 3.0739164 3.1605282 0.07214205 0.055493888 0.055493888 0.11875693 0.102108754 0.28856826 0.07214205 0.03884572 0.102108754 0.03884572 0.055493888 0.11875693 3.0739164 3.1605282 
28 1 25 "1" NA 0 0 1 0 NA 0 12 0 NA NA 60 96 4 500000 NA NA 12 288 2 1.0 0.11332502 3.1414616 3.124598 0.11332502 0.19551677 0.24408466 0.06475716 0.049813192 0.049813192 0.11332502 0.03486924 0.049813192 0.03486924 0.049813192 0.11332502 3.1414616 3.124598 
28 1 26 "1" NA 0 0 1 0 NA 0 12 0 NA NA 71 96 4 500000 NA NA 12 300 2 1.0 0.11647726 3.1018798 3.0966897 0.073863626 0.056818176 0.056818176 0.13352272 0.056818176 0.056818176 0.3125 0.039772723 0.056818176 0.039772723 0.11647726 0.11647726 3.1018798 3.0966897 
28 1 27 "1" NA 0 0 1 0 NA 0 12 0 NA NA 60 96 4 500000 NA NA 12 312 1 1.0 0.09285714 3.4288433 3.2545238 0.09285714 0.071428575 0.071428575 0.09285714 0.071428575 0.071428575 0.09285714 0.05 0.26428574 0.05 0.071428575 0.09285714 3.4288433 3.2545238 
28 1 28 "1" NA 0 0 1 0 NA 0 12 0 NA NA 62 96 4 500000 NA NA 12 324 1 1.0 0.05681818 4.1375036 3.1896112 0.090909086 0.05681818 0.05681818 0.1590909 0.05681818 0.05681818 0.1590909 0.039772727 0.05681818 0.039772727 0.22727275 0.05681818 4.1375036 3.1896112 
28 1 29 "1" NA 0 0 1 0 NA 0 12 0 NA NA 60 96 4 500000 NA NA 12 336 1 1.0 0.30337083 1.7208457 3.1731396 0.30337083 0.08988764 0.06741573 0.08988764 0.06741573 0.06741573 0.08988764 0.04494382 0.06741573 0.04494382 0.06741573 0.30337083 1.7208457 3.1731396 
28 1 30 "1" NA 0 0 1 0 NA 0 12 0 NA NA 64 96 4 500000 NA NA 12 348 2 1.0 0.11394891 3.133541 3.0319915 0.07858546 0.11394891 0.04715127 0.11394891 0.04715127 0.04715127 0.11394891 0.03143418 0.04715127 0.03143418 0.3280943 0.11394891 3.133541 3.0319915 
28 1 31 "1" NA 0 0 1 0 NA 0 12 0 NA NA 67 96 4 500000 NA NA 12 360 2 1.0 0.10810812 3.209453 2.9226737 0.17567569 0.10810812 0.33783787 0.054054055 0.04054054 0.04054054 0.10810812 0.027027028 0.04054054 0.027027028 0.04054054 0.10810812 3.209453 2.9226737 
28 1 32 "1" NA 0 0 1 0 NA 0 12 0 NA NA 64 96 4 500000 NA NA 12 372 2 1.0 0.27240145 1.8761936 3.061186 0.071684584 0.057347666 0.043010753 0.27240145 0.09677418 0.20430107 0.057347666 0.028673833 0.09677418 0.028673833 0.043010753 0.27240145 1.8761936 3.061186 
28 2 1 "2" NA 0 0 1 0 NA 0 0 0 NA NA 67 96 4 500000 NA NA 12 0 0 1.0 0.090909086 3.4594316 3.4594312 0.090909086 0.090909086 0.090909086 0.090909086 0.090909086 0.090909086 0.090909086 0.090909086 0.090909086 0.090909086 0.090909086 0.090909086 3.4594316 3.4594312 
28 2 2 "2" NA 0 0 1 0 NA 0 12 0 NA NA 64 96 4 500000 NA NA 12 12 0 1.0 0.06060606 4.044394 2.9805846 0.06060606 0.06060606 0.06060606 0.06060606 0.06060606 0.06060606 0.3939394 0.06060606 0.06060606 0.06060606 0.06060606 0.06060606 4.044394 2.9805846 
28 2 3 "2" NA 0 0 1 0 NA 0 12 0 NA NA 65 96 4 500000 NA NA 12 24 0 1.0 0.05660377 4.142958 3.1051767 0.05660377 0.05660377 0.05660377 0.245283 0.05660377 0.05660377 0.245283 0.05660377 0.05660377 0.05660377 0.05660377 0.05660377 4.142958 3.1051767 
28 2 4 "2" NA 0 0 1 0 NA 0 12 0 NA NA 62 96 4 500000 NA NA 12 36 0 1.0 0.056338027 4.149747 3.2157023 0.056338027 0.056338027 0.056338027 0.1830986 0.1830986 0.056338027 0.1830986 0.056338027 0.056338027 0.056338027 0.056338027 0.056338027 4.149747 3.2157023 
28 2 5 "2" NA 0 0 1 0 NA 0 12 0 NA NA 60 96 4 500000 NA NA 12 48 0 1.0 0.057471268 4.121015 3.2970777 0.057471268 0.14942528 0.057471268 0.14942528 0.14942528 0.057471268 0.14942528 0.057471268 0.057471268 0.057471268 0.057471268 0.057471268 4.121015 3.2970777 
28 2 6 "2" NA 0 0 1 0 NA 0 12 0 NA NA 67 96 4 500000 NA NA 12 60 0 1.0 0.12871288 2.9577718 3.3553681 0.12871288 0.12871288 0.05940594 0.12871288 0.12871288 0.05940594 0.12871288 0.05940594 0.05940594 0.05940594 0.05940594 0.12871288 2.9577718 3.3553681 
28 2 7 "2" NA 0 0 1 0 NA 0 12 0 NA NA 60 96 4 500000 NA NA 12 72 1 1.0 0.09558823 3.3870232 3.0171704 0.09558823 0.09558823 0.04411765 0.35294116 0.09558823 0.04411765 0.09558823 0.04411765 0.04411765 0.04411765 0.04411765 0.09558823 3.3870232 3.0171704 
28 2 8 "2" NA 0 0 1 0 NA 0 12 0 NA NA 62 96 4 500000 NA NA 12 84 1 1.0 0.09090907 3.4594321 2.9497514 0.14393936 0.09090907 0.037878785 0.09090907 0.09090907 0.037878785 0.35606056 0.037878785 0.037878785 0.037878785 0.037878785 0.09090907 3.4594321 2.9497514 
28 2 9 "2" NA 0 0 1 0 NA 0 12 0 NA NA 64 96 4 500000 NA NA 12 96 1 1.0 0.08835342 3.5005703 2.8164434 0.39759037 0.14457832 0.032128513 0.08835342 0.08835342 0.032128513 0.08835342 0.032128513 0.032128513 0.032128513 0.032128513 0.08835342 3.5005703 2.8164434 
28 2 10 "2" NA 0 0 1 0 NA 0 12 0 NA NA 62 96 4 500000 NA NA 12 108 1 1.0 0.13709675 2.8667338 2.7820787 0.13709675 0.13709675 0.024193548 0.13709675 0.36290318 0.024193548 0.080645144 0.024193548 0.024193548 0.024193548 0.024193548 0.13709675 2.8667338 2.7820787 
28 2 11 "2" NA 0 0 1 0 NA 0 12 0 NA NA 64 96 4 500000 NA NA 12 120 1 1.0 0.26749995 1.9023895 2.7626114 0.26749995 0.17999998 0.022499997 0.26749995 0.074999996 0.022499997 0.074999996 0.022499997 0.022499997 0.022499997 0.022499997 0.26749995 1.9023895 2.7626114 
28 2 12 "2" NA 0 0 1 0 NA 0 12 0 NA NA 65 96 4 500000 NA NA 12 132 2 1.0 0.16796872 2.5737355 2.4623387 0.09960936 0.46874997 0.017578123 0.09960936 0.16796872 0.017578123 0.058593743 0.017578123 0.017578123 0.017578123 0.017578123 0.16796872 2.5737355 2.4623387 
28 2 13 "2" NA 0 0 1 0 NA 0 12 0 NA NA 67 96 4 500000 NA NA 12 144 1 0.99999994 0.078431375 3.6724253 2.6372418 0.13333334 0.43529415 0.02352941 0.13333334 0.078431375 0.02352941 0.078431375 0.02352941 0.02352941 0.02352941 0.02352941 0.078431375 3.6724253 2.6372418 
28 2 14 "2" NA 0 0 1 0 NA 0 12 0 NA NA 60 96 4 500000 NA NA 12 156 1 1.0 0.26804122 1.8994732 2.6599684 0.26804122 0.17783503 0.0154639175 0.26804122 0.069587626 0.0154639175 0.12371133 0.0154639175 0.0154639175 0.0154639175 0.0154639175 0.26804122 1.8994732 2.6599684 
28 2 15 "2" NA 0 0 1 0 NA 0 12 0 NA NA 67 96 4 500000 NA NA 12 168 2 1.0 0.20550843 2.2827306 2.3723795 0.10169489 0.45762706 0.012711861 0.10169489 0.057203375 0.012711861 0.20550843 0.012711861 0.012711861 0.012711861 0.012711861 0.20550843 2.2827306 2.3723795 
28 2 16 "2" NA 0 0 1 0 NA 0 12 0 NA NA 65 96 4 500000 NA NA 12 180 2 1.0 0.053999983 4.210897 2.3999672 0.43199992 0.13799997 0.011999997 0.20799994 0.053999983 0.011999997 0.09599998 0.011999997 0.011999997 0.011999997 0.011999997 0.053999983 4.210897 2.3999672 
28 2 17 "2" NA 0 0 1 0 NA 0 12 0 NA NA 67 96 4 500000 NA NA 12 192 1 1.0 0.25966847 1.9452572 2.496276 0.124309376 0.31767952 0.008287291 0.124309376 0.124309376 0.008287291 0.25966847 0.008287291 0.008287291 0.008287291 0.008287291 0.25966847 1.9452572 2.496276 
28 2 18 "2" NA 0 0 1 0 NA 0 12 0 NA NA 64 96 4 500000 NA NA 12 204 2 1.0 0.16887417 2.5659795 2.4206612 0.37748352 0.14569537 0.006622518 0.16887417 0.16887417 0.006622518 0.09933776 0.006622518 0.006622518 0.006622518 0.006622518 0.16887417 2.5659795 2.4206612 
28 2 19 "2" NA 0 0 1 0 NA 0 12 0 NA NA 65 96 4 500000 NA NA 12 216 2 1.0 0.5081967 0.97654104 2.06328 0.07566203 0.23455231 0.0050441357 0.07566203 0.5081967 0.0050441357 0.07566203 0.0050441357 0.0050441357 0.0050441357 0.0050441357 0.5081967 0.97654104 2.06328 
28 2 20 "2" NA 0 0 1 0 NA 0 12 0 NA NA 62 96 4 500000 NA NA 12 228 3 1.0 0.46304345 1.1107805 2.2508075 0.09782607 0.46304345 0.0065217377 0.09782607 0.09782607 0.0065217377 0.20434779 0.0065217377 0.0065217377 0.0065217377 0.0065217377 0.46304345 1.1107805 2.2508075 
28 2 21 "2" NA 0 0 1 0 NA 0 12 0 NA NA 60 96 4 500000 NA NA 12 240 2 1.0 0.43647537 1.1960279 2.287912 0.43647537 0.13524587 0.0061475392 0.20696718 0.0922131 0.0061475392 0.0922131 0.0061475392 0.0061475392 0.0061475392 0.0061475392 0.43647537 1.1960279 2.287912 
28 2 22 "2" NA 0 0 1 0 NA 0 12 0 NA NA 64 96 4 500000 NA NA 12 252 2 1.0 0.07566203 3.7242868 2.06328 0.07566203 0.23455231 0.0050441357 0.07566203 0.07566203 0.0050441357 0.5081967 0.0050441357 0.0050441357 0.0050441357 0.0050441357 0.07566203 3.7242868 2.06328 
28 2 23 "2" NA 0 0 1 0 NA 0 12 0 NA NA 60 96 4 500000 NA NA 12 264 1 1.0 0.08379886 3.5769255 2.2651618 0.08379886 0.2793296 0.0055865915 0.122905 0.39664796 0.0055865915 0.08379886 0.0055865915 0.0055865915 0.0055865915 0.0055865915 0.08379886 3.5769255 2.2651618 
28 2 24 "2" NA 0 0 1 0 NA 0 12 0 NA NA 67 96 4 500000 NA NA 12 276 1 1.0 0.2721519 1.877516 2.4792566 0.13924049 0.22784808 0.006329114 0.22784808 0.09493669 0.006329114 0.2721519 0.006329114 0.006329114 0.006329114 0.006329114 0.2721519 1.877516 2.4792566 
28 2 25 "2" NA 0 0 1 0 NA 0 12 0 NA NA 60 96 4 500000 NA NA 12 288 2 1.0 0.2899023 1.7863612 2.3649423 0.2899023 0.107491866 0.0048859944 0.24429968 0.25570032 0.0048859944 0.07328991 0.0048859944 0.0048859944 0.0048859944 0.0048859944 0.2899023 1.7863612 2.3649423 
28 2 26 "2" NA 0 0 1 0 NA 0 12 0 NA NA 62 96 4 500000 NA NA 12 300 3 1.0 0.39541548 1.3385587 2.233073 0.09455586 0.39541548 0.0042979945 0.15472779 0.06446991 0.0042979945 0.265043 0.0042979945 0.0042979945 0.0042979945 0.0042979945 0.39541548 1.3385587 2.233073 
28 2 27 "2" NA 0 0 1 0 NA 0 12 0 NA NA 60 96 4 500000 NA NA 12 312 2 1.0 0.23018867 2.1191113 2.2405248 0.23018867 0.124528304 0.005660378 0.4415095 0.08490567 0.005660378 0.08490567 0.005660378 0.005660378 0.005660378 0.005660378 0.23018867 2.1191113 2.2405248 
28 2 28 "2" NA 0 0 1 0 NA 0 12 0 NA NA 71 96 4 500000 NA NA 12 324 2 1.0 0.0051194546 7.609794 2.3618822 0.11262798 0.18430033 0.0051194546 0.27986348 0.07679181 0.0051194546 0.31569964 0.0051194546 0.0051194546 0.0051194546 0.0051194546 0.0051194546 7.609794 2.3618822 
28 2 29 "2" NA 0 0 1 0 NA 0 12 0 NA NA 60 96 4 500000 NA NA 12 336 0 1.0 0.18867925 2.4059925 2.955075 0.18867925 0.18867925 0.018867925 0.18867925 0.13207547 0.018867925 0.13207547 0.018867925 0.018867925 0.018867925 0.0754717 0.18867925 2.4059925 2.955075 
28 2 30 "2" NA 0 0 1 0 NA 0 12 0 NA NA 64 96 4 500000 NA NA 12 348 1 0.99999994 0.19242902 2.3776016 2.8419902 0.12618296 0.19242902 0.012618294 0.19242902 0.08832806 0.012618294 0.22082019 0.012618294 0.012618294 0.012618294 0.11671923 0.19242902 2.3776016 2.8419902 
28 2 31 "2" NA 0 0 1 0 NA 0 12 0 NA NA 67 96 4 500000 NA NA 12 360 2 1.0 0.06422019 3.9608293 2.488839 0.38532114 0.16513763 0.009174312 0.09174313 0.21100917 0.009174312 0.06422019 0.009174312 0.009174312 0.009174312 0.03669725 0.06422019 3.9608293 2.488839 
28 2 32 "2" NA 0 0 1 0 NA 0 12 0 NA NA 64 96 4 500000 NA NA 12 372 1 0.99999994 0.30434784 1.7162069 2.6783977 0.20652173 0.10869565 0.0108695645 0.30434784 0.17391306 0.0108695645 0.10869565 0.0108695645 0.0108695645 0.0108695645 0.043478258 0.30434784 1.7162069 2.6783977 
28 3 1 "3" NA 0 0 1 0 NA 0 0 0 NA NA 60 96 4 500000 NA NA 12 0 0 1.0 0.090909086 3.4594316 3.4594312 0.090909086 0.090909086 0.090909086 0.090909086 0.090909086 0.090909086 0.090909086 0.090909086 0.090909086 0.090909086 0.090909086 0.090909086 3.4594316 3.4594312 
28 3 2 "3" NA 0 0 1 0 NA 0 12 0 NA NA 64 96 4 500000 NA NA 12 12 0 1.0 0.06060606 4.044394 2.9805846 0.3939394 0.06060606 0.06060606 0.06060606 0.06060606 0.06060606 0.06060606 0.06060606 0.06060606 0.06060606 0.06060606 0.06060606 4.044394 2.9805846 
28 3 3 "3" NA 0 0 1 0 NA 0 12 0 NA NA 67 96 4 500000 NA NA 12 24 0 1.0 0.05660377 4.142958 3.1051767 0.245283 0.05660377 0.05660377 0.245283 0.05660377 0.05660377 0.05660377 0.05660377 0.05660377 0.05660377 0.05660377 0.05660377 4.142958 3.1051767 
28 3 4 "3" NA 0 0 1 0 NA 0 12 0 NA NA 60 96 4 500000 NA NA 12 36 0 1.0 0.1830986 2.4493072 3.215702 0.1830986 0.056338027 0.056338027 0.1830986 0.056338027 0.056338027 0.1830986 0.056338027 0.056338027 0.056338027 0.056338027 0.1830986 2.4493072 3.215702 
28 3 5 "3" NA 0 0 1 0 NA 0 12 0 NA NA 71 96 4 500000 NA NA 12 48 1 1.0 0.040816326 4.61471 2.8076835 0.13265307 0.040816326 0.040816326 0.4081633 0.040816326 0.040816326 0.13265307 0.040816326 0.040816326 0.040816326 0.040816326 0.040816326 4.61471 2.8076835 
28 3 6 "3" NA 0 0 1 0 NA 0 12 0 NA NA 60 96 4 500000 NA NA 12 60 0 1.0 0.14942528 2.742504 3.2970777 0.14942528 0.057471268 0.057471268 0.14942528 0.057471268 0.057471268 0.14942528 0.057471268 0.057471268 0.057471268 0.14942528 0.14942528 2.742504 3.2970777 
28 3 7 "3" NA 0 0 1 0 NA 0 12 0 NA NA 69 96 4 500000 NA NA 12 72 1 0.99999994 0.040214475 4.6361413 2.991403 0.10455763 0.040214475 0.040214475 0.25469166 0.040214475 0.040214475 0.10455763 0.040214475 0.040214475 0.040214475 0.25469166 0.040214475 4.6361413 2.991403 
28 3 8 "3" NA 0 0 1 0 NA 0 12 0 NA NA 71 96 4 500000 NA NA 12 84 0 1.0 0.12871288 2.9577718 3.3553681 0.12871288 0.059405945 0.059405945 0.12871288 0.059405945 0.059405945 0.12871288 0.059405945 0.12871288 0.059405945 0.12871288 0.12871288 2.9577718 3.3553681 
28 3 9 "3" NA 0 0 1 0 NA 0 12 0 NA NA 67 96 4 500000 NA NA 12 96 1 1.0 0.09558823 3.3870232 3.0171707 0.35294116 0.04411765 0.04411765 0.09558823 0.04411765 0.04411765 0.09558823 0.04411765 0.09558823 0.04411765 0.09558823 0.09558823 3.3870232 3.0171707 
28 3 10 "3" NA 0 0 1 0 NA 0 12 0 NA NA 60 96 4 500000 NA NA 12 108 1 1.0 0.3560606 1.4898053 2.9497514 0.3560606 0.037878785 0.037878785 0.09090908 0.037878785 0.037878785 0.14393938 0.037878785 0.09090908 0.037878785 0.09090908 0.3560606 1.4898053 2.9497514 
28 3 11 "3" NA 0 0 1 0 NA 0 12 0 NA NA 64 96 4 500000 NA NA 12 120 2 1.0 0.14364642 2.799406 2.7939987 0.06629834 0.02762431 0.02762431 0.14364642 0.02762431 0.02762431 0.10497238 0.02762431 0.14364642 0.02762431 0.37569064 0.14364642 2.799406 2.7939987 
28 3 12 "3" NA 0 0 1 0 NA 0 12 0 NA NA 67 96 4 500000 NA NA 12 132 1 1.0 0.3929961 1.3474132 2.900755 0.093385205 0.038910504 0.038910504 0.093385205 0.038910504 0.038910504 0.3929961 0.038910504 0.093385205 0.038910504 0.093385205 0.3929961 1.3474132 2.900755 
28 3 13 "3" NA 0 0 1 0 NA 0 12 0 NA NA 65 96 4 500000 NA NA 12 144 1 1.0 0.021097044 5.5668154 2.0612657 0.64135015 0.021097044 0.021097044 0.050632898 0.021097044 0.021097044 0.08016876 0.021097044 0.050632898 0.021097044 0.050632898 0.021097044 5.5668154 2.0612657 
28 3 14 "3" NA 0 0 1 0 NA 0 12 0 NA NA 67 96 4 500000 NA NA 12 156 0 1.0 0.16666667 2.5849626 3.350209 0.111111104 0.05555555 0.05555555 0.111111104 0.111111104 0.05555555 0.16666667 0.05555555 0.111111104 0.05555555 0.111111104 0.16666667 2.5849626 3.350209 
28 3 15 "3" NA 0 0 1 0 NA 0 12 0 NA NA 64 96 4 500000 NA NA 12 168 1 1.0 0.05797101 4.1085243 2.7704875 0.37681162 0.028985506 0.028985506 0.05797101 0.21739133 0.028985506 0.08695652 0.028985506 0.05797101 0.028985506 0.05797101 0.05797101 4.1085243 2.7704875 
28 3 16 "3" NA 0 0 1 0 NA 0 12 0 NA NA 65 96 4 500000 NA NA 12 180 1 1.0 0.0468085 4.4170856 2.108831 0.0468085 0.021276591 0.021276591 0.07234041 0.0468085 0.021276591 0.63404244 0.021276591 0.0468085 0.021276591 0.0468085 0.0468085 4.4170856 2.108831 
28 3 17 "3" NA 0 0 1 0 NA 0 12 0 NA NA 62 96 4 500000 NA NA 12 192 1 1.0 0.03053435 5.033423 2.8900745 0.07633587 0.03053435 0.03053435 0.1221374 0.1221374 0.03053435 0.3740458 0.03053435 0.07633587 0.03053435 0.07633587 0.03053435 5.033423 2.8900745 
28 3 18 "3" NA 0 0 1 0 NA 0 12 0 NA NA 60 96 4 500000 NA NA 12 204 0 1.0 0.09523809 3.3923175 3.3320954 0.09523809 0.09523809 0.047619045 0.14285715 0.14285715 0.047619045 0.14285715 0.047619045 0.09523809 0.047619045 0.09523809 0.09523809 3.3923175 3.3320954 
28 3 19 "3" NA 0 0 1 0 NA 0 12 0 NA NA 71 96 4 500000 NA NA 12 216 1 1.0 0.15887852 2.6540039 3.0064056 0.056074772 0.056074772 0.028037382 0.28971964 0.08411216 0.028037382 0.08411216 0.028037382 0.15887852 0.028037382 0.15887852 0.15887852 2.6540039 3.0064056 
28 3 20 "3" NA 0 0 1 0 NA 0 12 0 NA NA 69 96 4 500000 NA NA 12 228 2 1.0 0.05405405 4.2094536 2.8185282 0.37837842 0.05405405 0.02702703 0.081081085 0.081081085 0.02702703 0.1891892 0.02702703 0.05405405 0.02702703 0.05405405 0.05405405 4.2094536 2.8185282 
28 3 21 "3" NA 0 0 1 0 NA 0 12 0 NA NA 67 96 4 500000 NA NA 12 240 1 1.0 0.104477614 3.2587342 3.01769 0.06716418 0.06716418 0.029850744 0.104477614 0.104477614 0.029850744 0.104477614 0.029850744 0.104477614 0.029850744 0.32835823 0.104477614 3.2587342 3.01769 
28 3 22 "3" NA 0 0 1 0 NA 0 12 0 NA NA 65 96 4 500000 NA NA 12 252 1 1.0 0.18233083 2.4553695 2.9639146 0.25751877 0.05075188 0.02255639 0.18233083 0.18233083 0.02255639 0.10714285 0.02255639 0.078947365 0.02255639 0.05075188 0.18233083 2.4553695 2.9639146 
28 3 23 "3" NA 0 0 1 0 NA 0 12 0 NA NA 64 96 4 500000 NA NA 12 264 2 1.0 0.07608696 3.716207 2.6983025 0.04891304 0.1576087 0.021739129 0.07608696 0.07608696 0.021739129 0.42934784 0.021739129 0.07608696 0.021739129 0.04891304 0.07608696 3.716207 2.6983025 
28 3 24 "3" NA 0 0 1 0 NA 0 12 0 NA NA 62 96 4 500000 NA NA 12 276 1 1.0 0.060402684 4.0492435 2.9862425 0.060402684 0.060402684 0.026845638 0.12751678 0.22818792 0.026845638 0.26174498 0.026845638 0.09395974 0.026845638 0.060402684 0.060402684 4.0492435 2.9862425 
28 3 25 "3" NA 0 0 1 0 NA 0 12 0 NA NA 60 96 4 500000 NA NA 12 288 1 1.0 0.33566436 1.5749087 2.9253805 0.33566436 0.090909086 0.02097902 0.12587412 0.090909086 0.02097902 0.12587412 0.02097902 0.090909086 0.02097902 0.055944055 0.33566436 1.5749087 2.9253805 
28 3 26 "3" NA 0 0 1 0 NA 0 12 0 NA NA 64 96 4 500000 NA NA 12 300 2 1.0 0.23631123 2.08124 2.6591785 0.03458213 0.056195963 0.012968297 0.23631123 0.056195963 0.012968297 0.07780979 0.012968297 0.13544668 0.012968297 0.351585 0.23631123 2.08124 2.6591785 
28 3 27 "3" NA 0 0 1 0 NA 0 12 0 NA NA 62 96 4 500000 NA NA 12 312 2 1.0 0.087779686 3.5099692 2.0499349 0.027538724 0.087779686 0.010327022 0.06196213 0.087779686 0.010327022 0.6213425 0.010327022 0.044750422 0.010327022 0.027538724 0.087779686 3.5099692 2.0499349 
28 3 28 "3" NA 0 0 1 0 NA 0 12 0 NA NA 71 96 4 500000 NA NA 12 324 1 1.0 0.030418249 5.038919 2.033735 0.6387833 0.049429655 0.011406844 0.06844106 0.049429655 0.011406844 0.06844106 0.011406844 0.049429655 0.011406844 0.030418249 0.030418249 5.038919 2.033735 
28 3 29 "3" NA 0 0 1 0 NA 0 12 0 NA NA 60 96 4 500000 NA NA 12 336 1 1.0 0.15009043 2.7360961 2.9882622 0.15009043 0.08679928 0.014466546 0.12296564 0.08679928 0.014466546 0.22242314 0.014466546 0.18625678 0.014466546 0.08679928 0.15009043 2.7360961 2.9882622 
28 3 30 "3" NA 0 0 1 0 NA 0 12 0 NA NA 64 96 4 500000 NA NA 12 348 2 1.0 0.28072625 1.832764 2.4983273 0.029329602 0.05027932 0.008379886 0.28072625 0.05027932 0.008379886 0.07122904 0.008379886 0.3645251 0.008379886 0.12011171 0.28072625 1.832764 2.4983273 
28 3 31 "3" NA 0 0 1 0 NA 0 12 0 NA NA 67 96 4 500000 NA NA 12 360 2 1.0 0.38053092 1.3939143 2.4125047 0.026548667 0.29835647 0.007585333 0.06447534 0.10872311 0.007585333 0.38053092 0.007585333 0.045512006 0.007585333 0.045512006 0.38053092 1.3939143 2.4125047 
28 3 32 "3" NA 0 0 1 0 NA 0 12 0 NA NA 64 96 4 500000 NA NA 12 372 3 1.0 0.16117588 2.6332922 2.6699352 0.31069437 0.054738976 0.009123163 0.16117588 0.24987331 0.009123163 0.07754689 0.009123163 0.054738976 0.009123163 0.054738976 0.16117588 2.6332922 2.6699352 
28 4 1 "4" NA 0 0 1 0 NA 0 0 0 NA NA 60 96 4 500000 NA NA 12 0 0 1.0 0.090909086 3.4594316 3.4594312 0.090909086 0.090909086 0.090909086 0.090909086 0.090909086 0.090909086 0.090909086 0.090909086 0.090909086 0.090909086 0.090909086 0.090909086 3.4594316 3.4594312 
28 4 2 "4" NA 0 0 1 0 NA 0 12 0 NA NA 60 96 4 500000 NA NA 12 12 0 1.0 0.3939394 1.3439543 2.9805846 0.3939394 0.06060606 0.06060606 0.06060606 0.06060606 0.06060606 0.06060606 0.06060606 0.06060606 0.06060606 0.06060606 0.3939394 1.3439543 2.9805846 
28 4 3 "4" NA 0 0 1 0 NA 0 12 0 NA NA 70 96 4 500000 NA NA 12 24 1 1.0 0.06060606 4.044394 2.9805846 0.3939394 0.06060606 0.06060606 0.06060606 0.06060606 0.06060606 0.06060606 0.06060606 0.06060606 0.06060606 0.06060606 0.06060606 4.044394 2.9805846 
28 4 4 "4" NA 0 0 1 0 NA 0 12 0 NA NA 68 96 4 500000 NA NA 12 36 0 1.0 0.05660377 4.142958 3.1051767 0.245283 0.05660377 0.05660377 0.05660377 0.05660377 0.05660377 0.05660377 0.05660377 0.05660377 0.245283 0.05660377 0.05660377 4.142958 3.1051767 
28 4 5 "4" NA 0 0 1 0 NA 0 12 0 NA NA 67 96 4 500000 NA NA 12 48 0 1.0 0.056338027 4.149747 3.215702 0.1830986 0.056338027 0.056338027 0.056338027 0.056338027 0.056338027 0.056338027 0.1830986 0.056338027 0.1830986 0.056338027 0.056338027 4.149747 3.215702 
28 4 6 "4" NA 0 0 1 0 NA 0 12 0 NA NA 65 96 4 500000 NA NA 12 60 0 1.0 0.057471264 4.121015 3.2970772 0.14942528 0.057471264 0.057471264 0.057471264 0.057471264 0.057471264 0.14942528 0.14942528 0.057471264 0.14942528 0.057471264 0.057471264 4.121015 3.2970772 
28 4 7 "4" NA 0 0 1 0 NA 0 12 0 NA NA 63 96 4 500000 NA NA 12 72 0 1.0 0.059405934 4.0732493 3.3553672 0.12871286 0.059405934 0.059405934 0.059405934 0.12871286 0.059405934 0.12871286 0.12871286 0.059405934 0.12871286 0.059405934 0.059405934 4.0732493 3.3553672 
28 4 8 "4" NA 0 0 1 0 NA 0 12 0 NA NA 62 96 4 500000 NA NA 12 84 0 1.0 0.06194689 4.0128245 3.396358 0.11504423 0.06194689 0.11504423 0.06194689 0.11504423 0.06194689 0.11504423 0.11504423 0.06194689 0.11504423 0.06194689 0.06194689 4.0128245 3.396358 
28 4 9 "4" NA 0 0 1 0 NA 0 12 0 NA NA 63 96 4 500000 NA NA 12 96 0 1.0 0.10569106 3.242075 3.424303 0.10569106 0.10569106 0.10569106 0.06504065 0.10569106 0.06504065 0.10569106 0.10569106 0.06504065 0.10569106 0.06504065 0.10569106 3.242075 3.424303 
28 4 10 "4" NA 0 0 1 0 NA 0 12 0 NA NA 63 96 4 500000 NA NA 12 108 1 1.0 0.08227847 3.6033413 3.1726885 0.08227847 0.30379745 0.08227847 0.0506329 0.08227847 0.0506329 0.08227847 0.08227847 0.0506329 0.08227847 0.0506329 0.08227847 3.6033413 3.1726885 
28 4 11 "4" NA 0 0 1 0 NA 0 12 0 NA NA 62 96 4 500000 NA NA 12 120 1 1.0 0.20382163 2.294621 3.1770828 0.07643312 0.20382163 0.23566878 0.044585988 0.07643312 0.044585988 0.07643312 0.07643312 0.044585988 0.07643312 0.044585988 0.20382163 2.294621 3.1770828 
28 4 12 "4" NA 0 0 1 0 NA 0 12 0 NA NA 60 96 4 500000 NA NA 12 132 1 1.0 0.08026756 3.639039 3.1077719 0.08026756 0.08026756 0.3311037 0.046822745 0.08026756 0.046822745 0.08026756 0.08026756 0.046822745 0.08026756 0.046822745 0.08026756 3.639039 3.1077719 
28 4 13 "4" NA 0 0 1 0 NA 0 12 0 NA NA 70 96 4 500000 NA NA 12 144 1 1.0 0.205298 2.2842085 3.146011 0.2384106 0.07284769 0.10596027 0.0397351 0.07284769 0.0397351 0.07284769 0.07284769 0.0397351 0.205298 0.0397351 0.205298 2.2842085 3.146011 
28 4 14 "4" NA 0 0 1 0 NA 0 12 0 NA NA 68 96 4 500000 NA NA 12 156 1 1.0 0.3150685 1.6662625 3.105318 0.10958904 0.07534247 0.10958904 0.04109589 0.07534247 0.04109589 0.07534247 0.3150685 0.04109589 0.07534247 0.04109589 0.3150685 1.6662625 3.105318 
28 4 15 "4" NA 0 0 1 0 NA 0 12 0 NA NA 67 96 4 500000 NA NA 12 168 1 1.0 0.31506848 1.6662626 3.105318 0.109589025 0.07534246 0.109589025 0.041095886 0.07534246 0.041095886 0.31506848 0.07534246 0.041095886 0.07534246 0.041095886 0.31506848 1.6662626 3.105318 
28 4 16 "4" NA 0 0 1 0 NA 0 12 0 NA NA 66 96 4 500000 NA NA 12 180 1 1.0 0.041095886 4.604862 3.105318 0.109589025 0.07534246 0.109589025 0.041095886 0.31506848 0.041095886 0.07534246 0.07534246 0.041095886 0.07534246 0.041095886 0.041095886 4.604862 3.105318 
28 4 17 "4" NA 0 0 1 0 NA 0 12 0 NA NA 67 96 4 500000 NA NA 12 192 0 1.0 0.09401709 3.4109333 3.4132395 0.12820512 0.09401709 0.12820512 0.059829053 0.09401709 0.09401709 0.09401709 0.09401709 0.059829053 0.09401709 0.059829053 0.09401709 3.4109333 3.4132395 
28 4 18 "4" NA 0 0 1 0 NA 0 12 0 NA NA 67 96 4 500000 NA NA 12 204 1 1.0 0.07006369 3.8351893 3.2466185 0.095541395 0.07006369 0.095541395 0.044585984 0.19745222 0.19745222 0.07006369 0.07006369 0.044585984 0.07006369 0.044585984 0.07006369 3.8351893 3.2466185 
28 4 19 "4" NA 0 0 1 0 NA 0 12 0 NA NA 65 96 4 500000 NA NA 12 216 1 1.0 0.15436241 2.6956065 3.2644105 0.09395972 0.067114085 0.09395972 0.040268447 0.15436241 0.15436241 0.18120804 0.067114085 0.040268447 0.067114085 0.040268447 0.15436241 2.6956065 3.2644105 
28 4 20 "4" NA 0 0 1 0 NA 0 12 0 NA NA 63 96 4 500000 NA NA 12 228 1 1.0 0.31428567 1.6698517 3.1332347 0.09999999 0.07142857 0.31428567 0.042857133 0.07142857 0.07142857 0.09999999 0.07142857 0.042857133 0.07142857 0.042857133 0.31428567 1.6698517 3.1332347 
28 4 21 "4" NA 0 0 1 0 NA 0 12 0 NA NA 62 96 4 500000 NA NA 12 240 2 1.0 0.35740066 1.4843858 2.9299662 0.07581226 0.35740066 0.17689528 0.032490965 0.05415161 0.05415161 0.07581226 0.05415161 0.032490965 0.05415161 0.032490965 0.35740066 1.4843858 2.9299662 
28 4 22 "4" NA 0 0 1 0 NA 0 12 0 NA NA 60 96 4 500000 NA NA 12 252 3 1.0 0.17472117 2.5168738 2.9108102 0.17472117 0.05576208 0.36802974 0.033457246 0.05576208 0.05576208 0.07806691 0.05576208 0.033457246 0.05576208 0.033457246 0.17472117 2.5168738 2.9108102 
28 4 23 "4" NA 0 0 1 0 NA 0 12 0 NA NA 70 96 4 500000 NA NA 12 264 2 0.99999994 0.35740072 1.4843855 2.9299667 0.17689532 0.05415162 0.07581227 0.032490972 0.05415162 0.05415162 0.07581227 0.05415162 0.032490972 0.35740072 0.032490972 0.35740072 1.4843855 2.9299667 
28 4 24 "4" NA 0 0 1 0 NA 0 12 0 NA NA 68 96 4 500000 NA NA 12 276 1 1.0 0.5798319 0.7862934 2.3473732 0.058823522 0.0420168 0.058823522 0.02521008 0.0420168 0.0420168 0.058823522 0.5798319 0.02521008 0.0420168 0.02521008 0.5798319 0.7862934 2.3473732 
28 4 25 "4" NA 0 0 1 0 NA 0 12 0 NA NA 67 96 4 500000 NA NA 12 288 1 1.0 0.5826087 0.7794009 2.3407614 0.060869567 0.04347826 0.060869567 0.026086954 0.04347826 0.04347826 0.5826087 0.04347826 0.026086954 0.04347826 0.026086954 0.5826087 0.7794009 2.3407614 
28 4 26 "4" NA 0 0 1 0 NA 0 12 0 NA NA 65 96 4 500000 NA NA 12 300 5 1.0 0.18953323 2.3994772 2.8123066 0.05940594 0.042432815 0.05940594 0.025459686 0.18953323 0.3734088 0.1145686 0.042432815 0.025459686 0.042432815 0.025459686 0.18953323 2.3994772 2.8123066 
28 4 27 "4" NA 0 0 1 0 NA 0 12 0 NA NA 63 96 4 500000 NA NA 12 312 1 1.0 0.5826087 0.7794009 2.3407614 0.060869567 0.04347826 0.5826087 0.026086954 0.04347826 0.04347826 0.060869567 0.04347826 0.026086954 0.04347826 0.026086954 0.5826087 0.7794009 2.3407614 
28 4 28 "4" NA 0 0 1 0 NA 0 12 0 NA NA 62 96 4 500000 NA NA 12 324 2 1.0 0.6000001 0.73696536 2.2093346 0.04719101 0.6000001 0.11011237 0.020224718 0.033707865 0.033707865 0.04719101 0.033707865 0.020224718 0.033707865 0.020224718 0.6000001 0.73696536 2.2093346 
28 4 29 "4" NA 0 0 1 0 NA 0 12 0 NA NA 60 96 4 500000 NA NA 12 336 5 1.0 0.17472117 2.5168738 2.9108102 0.17472117 0.05576208 0.36802974 0.033457246 0.05576208 0.05576208 0.07806691 0.05576208 0.033457246 0.05576208 0.033457246 0.17472117 2.5168738 2.9108102 
28 4 30 "4" NA 0 0 1 0 NA 0 12 0 NA NA 63 96 4 500000 NA NA 12 348 2 1.0 0.047191 4.4053445 2.2093346 0.11011235 0.033707857 0.047191 0.020224715 0.033707857 0.033707857 0.047191 0.033707857 0.020224715 0.59999996 0.020224715 0.047191 4.4053445 2.2093346 
28 4 31 "4" NA 0 0 1 0 NA 0 12 0 NA NA 67 96 4 500000 NA NA 12 360 1 1.0 0.09251101 3.434231 3.1755219 0.09251101 0.18942729 0.24229072 0.03964757 0.06607929 0.06607929 0.09251101 0.06607929 0.03964757 0.06607929 0.03964757 0.09251101 3.434231 3.1755219 
28 4 32 "4" NA 0 0 1 0 NA 0 12 0 NA NA 63 96 4 500000 NA NA 12 372 1 1.0 0.1125 3.152003 3.2305093 0.0875 0.0625 0.1125 0.037499998 0.15 0.15 0.19999999 0.0625 0.037499998 0.0625 0.037499998 0.1125 3.152003 3.2305093 
28 5 1 "5" NA 0 0 1 0 NA 0 0 0 NA NA 60 96 4 500000 NA NA 12 0 0 1.0 0.090909086 3.4594316 3.4594312 0.090909086 0.090909086 0.090909086 0.090909086 0.090909086 0.090909086 0.090909086 0.090909086 0.090909086 0.090909086 0.090909086 0.090909086 3.4594316 3.4594312 
28 5 2 "5" NA 0 0 1 0 NA 0 12 0 NA NA 71 96 4 500000 NA NA 12 12 0 1.0 0.06060606 4.044394 2.9805846 0.3939394 0.06060606 0.06060606 0.06060606 0.06060606 0.06060606 0.06060606 0.06060606 0.06060606 0.06060606 0.06060606 0.06060606 4.044394 2.9805846 
28 5 3 "5" NA 0 0 1 0 NA 0 12 0 NA NA 60 96 4 500000 NA NA 12 24 0 1.0 0.245283 2.0274808 3.1051767 0.245283 0.05660377 0.05660377 0.05660377 0.05660377 0.05660377 0.05660377 0.05660377 0.05660377 0.05660377 0.245283 0.245283 2.0274808 3.1051767 
28 5 4 "5" NA 0 0 1 0 NA 0 12 0 NA NA 62 96 4 500000 NA NA 12 36 1 0.99999994 0.041095886 4.604862 2.6642804 0.17808217 0.041095886 0.041095886 0.041095886 0.041095886 0.041095886 0.041095886 0.041095886 0.041095886 0.041095886 0.4520548 0.041095886 4.604862 2.6642804 
28 5 5 "5" NA 0 0 1 0 NA 0 12 0 NA NA 63 96 4 500000 NA NA 12 48 0 1.0 0.056338027 4.149747 3.215702 0.1830986 0.1830986 0.056338027 0.056338027 0.056338027 0.056338027 0.056338027 0.056338027 0.056338027 0.056338027 0.1830986 0.056338027 4.149747 3.215702 
28 5 6 "5" NA 0 0 1 0 NA 0 12 0 NA NA 62 96 4 500000 NA NA 12 60 0 1.0 0.1494253 2.7425036 3.2970777 0.1494253 0.1494253 0.1494253 0.05747127 0.05747127 0.05747127 0.05747127 0.05747127 0.05747127 0.05747127 0.1494253 0.1494253 2.7425036 3.2970777 
28 5 7 "5" NA 0 0 1 0 NA 0 12 0 NA NA 63 96 4 500000 NA NA 12 72 1 1.0 0.3781513 1.4029646 2.9223971 0.1092437 0.1092437 0.3781513 0.042016808 0.042016808 0.042016808 0.042016808 0.042016808 0.042016808 0.042016808 0.1092437 0.3781513 1.4029646 2.9223971 
28 5 8 "5" NA 0 0 1 0 NA 0 12 0 NA NA 65 96 4 500000 NA NA 12 84 1 1.0 0.042016804 4.57289 2.9223971 0.10924369 0.37815127 0.10924369 0.042016804 0.042016804 0.042016804 0.042016804 0.042016804 0.042016804 0.042016804 0.10924369 0.042016804 4.57289 2.9223971 
28 5 9 "5" NA 0 0 1 0 NA 0 12 0 NA NA 67 96 4 500000 NA NA 12 96 0 1.0 0.059405934 4.0732493 3.355368 0.12871286 0.12871286 0.12871286 0.059405934 0.12871286 0.059405934 0.059405934 0.059405934 0.059405934 0.059405934 0.12871286 0.059405934 4.0732493 3.355368 
28 5 10 "5" NA 0 0 1 0 NA 0 12 0 NA NA 65 96 4 500000 NA NA 12 108 0 1.0 0.11504423 3.1197395 3.3963578 0.11504423 0.11504423 0.11504423 0.06194689 0.11504423 0.06194689 0.11504423 0.06194689 0.06194689 0.06194689 0.11504423 0.11504423 3.1197395 3.3963578 
28 5 11 "5" NA 0 0 1 0 NA 0 12 0 NA NA 67 96 4 500000 NA NA 12 120 1 1.0 0.32885906 1.6044587 3.0989885 0.087248325 0.087248325 0.087248325 0.04697987 0.087248325 0.04697987 0.32885906 0.04697987 0.04697987 0.04697987 0.087248325 0.32885906 1.6044587 3.0989885 
28 5 12 "5" NA 0 0 1 0 NA 0 12 0 NA NA 69 96 4 500000 NA NA 12 132 1 1.0 0.04697987 4.4118133 3.0989885 0.087248325 0.087248325 0.087248325 0.04697987 0.32885906 0.04697987 0.087248325 0.04697987 0.04697987 0.04697987 0.087248325 0.04697987 4.4118133 3.0989885 
28 5 13 "5" NA 0 0 1 0 NA 0 12 0 NA NA 71 96 4 500000 NA NA 12 144 0 1.0 0.10569106 3.242075 3.424303 0.10569106 0.10569106 0.10569106 0.06504065 0.10569106 0.06504065 0.10569106 0.06504065 0.10569106 0.06504065 0.10569106 0.10569106 3.242075 3.424303 
28 5 14 "5" NA 0 0 1 0 NA 0 12 0 NA NA 60 96 4 500000 NA NA 12 156 1 1.0 0.30379745 1.7188183 3.1726885 0.30379745 0.08227847 0.08227847 0.0506329 0.08227847 0.0506329 0.08227847 0.0506329 0.08227847 0.0506329 0.08227847 0.30379745 1.7188183 3.1726885 
28 5 15 "5" NA 0 0 1 0 NA 0 12 0 NA NA 62 96 4 500000 NA NA 12 168 2 1.0 0.37201908 1.4265515 2.9227967 0.062003173 0.37201908 0.062003173 0.038155798 0.062003173 0.038155798 0.062003173 0.038155798 0.062003173 0.038155798 0.1653418 0.37201908 1.4265515 2.9227967 
28 5 16 "5" NA 0 0 1 0 NA 0 12 0 NA NA 63 96 4 500000 NA NA 12 180 1 1.0 0.581749 0.7815312 2.3544526 0.04942965 0.04942965 0.581749 0.030418243 0.04942965 0.030418243 0.04942965 0.030418243 0.04942965 0.030418243 0.04942965 0.581749 0.7815312 2.3544526 
28 5 17 "5" NA 0 0 1 0 NA 0 12 0 NA NA 65 96 4 500000 NA NA 12 192 3 1.0 0.1653418 2.5964766 2.922797 0.062003173 0.37201908 0.062003173 0.038155798 0.1653418 0.038155798 0.062003173 0.038155798 0.062003173 0.038155798 0.062003173 0.1653418 2.5964766 2.922797 
28 5 18 "5" NA 0 0 1 0 NA 0 12 0 NA NA 63 96 4 500000 NA NA 12 204 1 1.0 0.04942965 4.3384795 2.3544526 0.04942965 0.04942965 0.04942965 0.030418243 0.04942965 0.030418243 0.581749 0.030418243 0.04942965 0.030418243 0.04942965 0.04942965 4.3384795 2.3544526 
28 5 19 "5" NA 0 0 1 0 NA 0 12 0 NA NA 62 96 4 500000 NA NA 12 216 1 1.0 0.20997922 2.2516816 3.1974683 0.07484408 0.20997922 0.10602911 0.043659046 0.20997922 0.043659046 0.07484408 0.043659046 0.07484408 0.043659046 0.07484408 0.20997922 2.2516816 3.1974683 
28 5 20 "5" NA 0 0 1 0 NA 0 12 0 NA NA 60 96 4 500000 NA NA 12 228 1 1.0 0.038461536 4.70044 1.9551382 0.038461536 0.038461536 0.67948705 0.022435896 0.038461536 0.022435896 0.038461536 0.022435896 0.038461536 0.022435896 0.038461536 0.038461536 4.70044 1.9551382 
28 5 21 "5" NA 0 0 1 0 NA 0 12 0 NA NA 70 96 4 500000 NA NA 12 240 1 1.0 0.038876887 4.6849437 3.169622 0.103671715 0.21166307 0.103671715 0.038876887 0.071274295 0.038876887 0.071274295 0.038876887 0.071274295 0.038876887 0.21166307 0.038876887 4.6849437 3.169622 
28 5 22 "5" NA 0 0 1 0 NA 0 12 0 NA NA 68 96 4 500000 NA NA 12 252 0 1.0 0.059829053 4.0630097 3.4132395 0.12820512 0.09401709 0.12820512 0.059829053 0.09401709 0.059829053 0.09401709 0.059829053 0.09401709 0.09401709 0.09401709 0.059829053 4.0630097 3.4132395 
28 5 23 "5" NA 0 0 1 0 NA 0 12 0 NA NA 67 96 4 500000 NA NA 12 264 0 1.0 0.090909086 3.4594316 3.439671 0.115702465 0.090909086 0.115702465 0.06611569 0.090909086 0.06611569 0.090909086 0.090909086 0.090909086 0.090909086 0.090909086 0.090909086 3.4594316 3.439671 
28 5 24 "5" NA 0 0 1 0 NA 0 12 0 NA NA 66 96 4 500000 NA NA 12 276 1 1.0 0.0516129 4.2761245 3.3142757 0.09032259 0.07096774 0.09032259 0.0516129 0.18064518 0.0516129 0.07096774 0.07096774 0.18064518 0.07096774 0.07096774 0.0516129 4.2761245 3.3142757 
28 5 25 "5" NA 0 0 1 0 NA 0 12 0 NA NA 67 96 4 500000 NA NA 12 288 0 1.0 0.089430876 3.483083 3.4533205 0.105691046 0.089430876 0.105691046 0.07317072 0.089430876 0.089430876 0.089430876 0.089430876 0.089430876 0.089430876 0.089430876 0.089430876 3.483083 3.4533205 
28 5 26 "5" NA 0 0 1 0 NA 0 12 0 NA NA 65 96 4 500000 NA NA 12 300 1 1.0 0.13333333 2.9068906 3.3999844 0.086666666 0.07333333 0.086666666 0.06 0.13333333 0.13333333 0.07333333 0.07333333 0.13333333 0.07333333 0.07333333 0.13333333 2.9068906 3.3999844 
28 5 27 "5" NA 0 0 1 0 NA 0 12 0 NA NA 63 96 4 500000 NA NA 12 312 2 1.0 0.14619884 2.773996 3.2063127 0.0760234 0.064327486 0.14619884 0.05263158 0.064327486 0.064327486 0.27485383 0.064327486 0.064327486 0.064327486 0.064327486 0.14619884 2.773996 3.2063127 
28 5 28 "5" NA 0 0 1 0 NA 0 12 0 NA NA 62 96 4 500000 NA NA 12 324 2 1.0 0.28214976 1.825467 3.2009223 0.07485606 0.28214976 0.07485606 0.051823422 0.13627641 0.06333973 0.06333973 0.06333973 0.06333973 0.06333973 0.06333973 0.28214976 1.825467 3.2009223 
28 5 29 "5" NA 0 0 1 0 NA 0 12 0 NA NA 60 96 4 500000 NA NA 12 336 3 1.0 0.27920792 1.8405882 3.2006626 0.27920792 0.06534653 0.14455445 0.053465344 0.06534653 0.06534653 0.06534653 0.06534653 0.06534653 0.06534653 0.06534653 0.27920792 1.8405882 3.2006626 
28 5 30 "5" NA 0 0 1 0 NA 0 12 0 NA NA 63 96 4 500000 NA NA 12 348 2 1.0 0.073446326 3.7671657 3.2362363 0.073446326 0.11299435 0.073446326 0.050847456 0.06214689 0.06214689 0.06214689 0.06214689 0.06214689 0.26553673 0.11299435 0.073446326 3.7671657 3.2362363 
28 5 31 "5" NA 0 0 1 0 NA 0 12 0 NA NA 67 96 4 500000 NA NA 12 360 1 1.0 0.07252748 3.7853284 3.3700519 0.085714296 0.16043958 0.09890111 0.059340667 0.16043958 0.07252748 0.07252748 0.07252748 0.07252748 0.07252748 0.07252748 0.07252748 3.7853284 3.3700519 
28 5 32 "5" NA 0 0 1 0 NA 0 12 0 NA NA 63 96 4 500000 NA NA 12 372 1 1.0 0.09688582 3.3675706 3.3900456 0.08304498 0.06920415 0.09688582 0.055363324 0.1349481 0.1349481 0.08304498 0.06920415 0.1349481 0.06920415 0.06920415 0.09688582 3.3675706 3.3900456 
28 6 1 "6" NA 0 0 1 0 NA 0 0 0 NA NA 60 96 4 500000 NA NA 12 0 0 1.0 0.090909086 3.4594316 3.4594312 0.090909086 0.090909086 0.090909086 0.090909086 0.090909086 0.090909086 0.090909086 0.090909086 0.090909086 0.090909086 0.090909086 0.090909086 3.4594316 3.4594312 
28 6 2 "6" NA 0 0 1 0 NA 0 12 0 NA NA 63 96 4 500000 NA NA 12 12 0 1.0 0.06060606 4.044394 2.9805846 0.3939394 0.06060606 0.06060606 0.06060606 0.06060606 0.06060606 0.06060606 0.06060606 0.06060606 0.06060606 0.06060606 0.06060606 4.044394 2.9805846 
28 6 3 "6" NA 0 0 1 0 NA 0 12 0 NA NA 67 96 4 500000 NA NA 12 24 0 1.0 0.05660377 4.142958 3.1051767 0.245283 0.05660377 0.245283 0.05660377 0.05660377 0.05660377 0.05660377 0.05660377 0.05660377 0.05660377 0.05660377 0.05660377 4.142958 3.1051767 
28 6 4 "6" NA 0 0 1 0 NA 0 12 0 NA NA 65 96 4 500000 NA NA 12 36 0 1.0 0.056338027 4.149747 3.215702 0.1830986 0.056338027 0.1830986 0.056338027 0.056338027 0.056338027 0.1830986 0.056338027 0.056338027 0.056338027 0.056338027 0.056338027 4.149747 3.215702 
28 6 5 "6" NA 0 0 1 0 NA 0 12 0 NA NA 63 96 4 500000 NA NA 12 48 0 1.0 0.14942528 2.742504 3.2970777 0.14942528 0.057471268 0.14942528 0.057471268 0.14942528 0.057471268 0.14942528 0.057471268 0.057471268 0.057471268 0.057471268 0.14942528 2.742504 3.2970777 
28 6 6 "6" NA 0 0 1 0 NA 0 12 0 NA NA 60 96 4 500000 NA NA 12 60 1 1.0 0.109243676 3.1943781 2.9223971 0.109243676 0.042016797 0.109243676 0.042016797 0.109243676 0.042016797 0.3781512 0.042016797 0.042016797 0.042016797 0.042016797 0.109243676 3.1943781 2.9223971 
28 6 7 "6" NA 0 0 1 0 NA 0 12 0 NA NA 67 96 4 500000 NA NA 12 72 1 1.0 0.103448264 3.2730186 2.8175266 0.17241377 0.034482755 0.37931034 0.034482755 0.103448264 0.034482755 0.103448264 0.034482755 0.034482755 0.034482755 0.034482755 0.103448264 3.2730186 2.8175266 
28 6 8 "6" NA 0 0 1 0 NA 0 12 0 NA NA 63 96 4 500000 NA NA 12 84 1 1.0 0.09734513 3.3607473 2.695501 0.16814159 0.02654867 0.09734513 0.02654867 0.38053098 0.02654867 0.16814159 0.02654867 0.02654867 0.02654867 0.02654867 0.09734513 3.3607473 2.695501 
28 6 9 "6" NA 0 0 1 0 NA 0 12 0 NA NA 62 96 4 500000 NA NA 12 96 1 1.0 0.019108279 5.709658 2.5659528 0.29936305 0.019108279 0.17197451 0.019108279 0.095541395 0.019108279 0.29936305 0.019108279 0.019108279 0.019108279 0.019108279 0.019108279 5.709658 2.5659528 
28 6 10 "6" NA 0 0 1 0 NA 0 12 0 NA NA 60 96 4 500000 NA NA 12 108 0 0.99999994 0.19101124 2.3882706 3.0664241 0.19101124 0.112359546 0.19101124 0.033707865 0.112359546 0.033707865 0.19101124 0.033707865 0.033707865 0.033707865 0.033707865 0.19101124 2.3882706 3.0664241 
28 6 11 "6" NA 0 0 1 0 NA 0 12 0 NA NA 70 96 4 500000 NA NA 12 120 1 1.0 0.024657529 5.341828 2.8031104 0.13972603 0.08219177 0.27397257 0.024657529 0.08219177 0.024657529 0.27397257 0.024657529 0.024657529 0.024657529 0.024657529 0.024657529 5.341828 2.8031104 
28 6 12 "6" NA 0 0 1 0 NA 0 12 0 NA NA 68 96 4 500000 NA NA 12 132 0 1.0 0.040816326 4.61471 3.2304459 0.16326532 0.10204081 0.16326532 0.040816326 0.10204081 0.040816326 0.16326532 0.040816326 0.040816326 0.10204081 0.040816326 0.040816326 4.61471 3.2304459 
28 6 13 "6" NA 0 0 1 0 NA 0 12 0 NA NA 67 96 4 500000 NA NA 12 144 0 1.0 0.14285716 2.8073547 3.3320956 0.14285716 0.0952381 0.14285716 0.04761905 0.0952381 0.04761905 0.14285716 0.0952381 0.04761905 0.0952381 0.04761905 0.14285716 2.8073547 3.3320956 
28 6 14 "6" NA 0 0 1 0 NA 0 12 0 NA NA 65 96 4 500000 NA NA 12 156 1 1.0 0.20689656 2.2730186 3.1107044 0.103448294 0.068965524 0.24137934 0.034482766 0.20689656 0.034482766 0.103448294 0.068965524 0.034482766 0.068965524 0.034482766 0.20689656 2.2730186 3.1107044 
28 6 15 "6" NA 0 0 1 0 NA 0 12 0 NA NA 63 96 4 500000 NA NA 12 168 1 1.0 0.34545454 1.5334322 3.0226293 0.109090894 0.07272726 0.34545454 0.03636363 0.07272726 0.03636363 0.109090894 0.07272726 0.03636363 0.07272726 0.03636363 0.34545454 1.5334322 3.0226293 
28 6 16 "6" NA 0 0 1 0 NA 0 12 0 NA NA 62 96 4 500000 NA NA 12 180 2 1.0 0.124999985 3.0 2.887921 0.3611111 0.124999985 0.08333332 0.027777772 0.055555545 0.027777772 0.15277776 0.055555545 0.027777772 0.055555545 0.027777772 0.124999985 3.0 2.887921 
28 6 17 "6" NA 0 0 1 0 NA 0 12 0 NA NA 60 96 4 500000 NA NA 12 192 1 1.0 0.34545454 1.5334322 3.0226293 0.34545454 0.07272726 0.109090894 0.03636363 0.07272726 0.03636363 0.109090894 0.07272726 0.03636363 0.07272726 0.03636363 0.34545454 1.5334322 3.0226293 
28 6 18 "6" NA 0 0 1 0 NA 0 12 0 NA NA 71 96 4 500000 NA NA 12 204 2 1.0 0.027777776 5.169925 2.9246976 0.08333333 0.055555552 0.15277778 0.027777776 0.055555552 0.027777776 0.15277778 0.055555552 0.027777776 0.33333334 0.027777776 0.027777776 5.169925 2.9246976 
28 6 19 "6" NA 0 0 1 0 NA 0 12 0 NA NA 60 96 4 500000 NA NA 12 216 0 1.0 0.12727273 2.9740047 3.394681 0.12727273 0.090909086 0.12727273 0.05454545 0.090909086 0.05454545 0.12727273 0.090909086 0.05454545 0.090909086 0.090909086 0.12727273 2.9740047 3.394681 
28 6 20 "6" NA 0 0 1 0 NA 0 12 0 NA NA 62 96 4 500000 NA NA 12 228 1 1.0 0.06887052 3.8599696 3.2952719 0.09641874 0.06887052 0.1570248 0.041322313 0.06887052 0.041322313 0.1570248 0.06887052 0.041322313 0.12947659 0.12947659 0.06887052 3.8599696 3.2952719 
28 6 21 "6" NA 0 0 1 0 NA 0 12 0 NA NA 63 96 4 500000 NA NA 12 240 1 1.0 0.05829596 4.10046 2.2779584 0.5964126 0.05829596 0.05829596 0.022421522 0.040358745 0.022421522 0.05829596 0.040358745 0.022421522 0.040358745 0.040358745 0.05829596 4.10046 2.2779584 
28 6 22 "6" NA 0 0 1 0 NA 0 12 0 NA NA 62 96 4 500000 NA NA 12 252 1 1.0 0.26315787 1.9259995 3.047505 0.16959062 0.26315787 0.09941519 0.029239764 0.052631576 0.029239764 0.16959062 0.052631576 0.029239764 0.052631576 0.052631576 0.26315787 1.9259995 3.047505 
28 6 23 "6" NA 0 0 1 0 NA 0 12 0 NA NA 63 96 4 500000 NA NA 12 264 2 1.0 0.12247324 3.0294616 2.1700275 0.6028537 0.04637336 0.12247324 0.017835906 0.03210463 0.017835906 0.04637336 0.03210463 0.017835906 0.03210463 0.03210463 0.12247324 3.0294616 2.1700275 
28 6 24 "6" NA 0 0 1 0 NA 0 12 0 NA NA 65 96 4 500000 NA NA 12 276 2 1.0 0.042654026 4.551174 2.7685196 0.13744074 0.4028436 0.080568716 0.023696681 0.042654026 0.023696681 0.13744074 0.042654026 0.023696681 0.042654026 0.042654026 0.042654026 4.551174 2.7685196 
28 6 25 "6" NA 0 0 1 0 NA 0 12 0 NA NA 67 96 4 500000 NA NA 12 288 1 1.0 0.05454545 4.1963973 2.1814816 0.05454545 0.05454545 0.6181819 0.018181816 0.05454545 0.018181816 0.05454545 0.036363635 0.018181816 0.036363635 0.036363635 0.05454545 4.1963973 2.1814816 
28 6 26 "6" NA 0 0 1 0 NA 0 12 0 NA NA 65 96 4 500000 NA NA 12 300 1 1.0 0.21698111 2.2043586 3.0757926 0.084905654 0.084905654 0.245283 0.028301882 0.21698111 0.028301882 0.11320754 0.056603767 0.028301882 0.056603767 0.056603767 0.21698111 2.2043586 3.0757926 
28 6 27 "6" NA 0 0 1 0 NA 0 12 0 NA NA 67 96 4 500000 NA NA 12 312 2 1.0 0.120192304 3.0565836 2.0902152 0.04326923 0.04326923 0.6201923 0.014423074 0.04326923 0.014423074 0.120192304 0.028846152 0.014423074 0.028846152 0.028846152 0.120192304 3.0565836 2.0902152 
28 6 28 "6" NA 0 0 1 0 NA 0 12 0 NA NA 71 96 4 500000 NA NA 12 324 2 1.0 0.044776123 4.481127 2.7946172 0.06716418 0.06716418 0.19402987 0.022388058 0.38059703 0.022388058 0.089552246 0.044776123 0.022388058 0.044776123 0.044776123 0.044776123 4.481127 2.7946172 
28 6 29 "6" NA 0 0 1 0 NA 0 12 0 NA NA 60 96 4 500000 NA NA 12 336 1 1.0 0.34351143 1.54157 2.9718273 0.34351143 0.08396946 0.1145038 0.022900758 0.08396946 0.022900758 0.1145038 0.05343511 0.022900758 0.05343511 0.08396946 0.34351143 1.54157 2.9718273 
28 6 30 "6" NA 0 0 1 0 NA 0 12 0 NA NA 63 96 4 500000 NA NA 12 348 2 1.0 0.13525498 2.8862464 3.0373259 0.07317073 0.28603104 0.13525498 0.019955654 0.07317073 0.019955654 0.13525498 0.046563193 0.019955654 0.08203991 0.108647436 0.13525498 2.8862464 3.0373259 
28 6 31 "6" NA 0 0 1 0 NA 0 12 0 NA NA 67 96 4 500000 NA NA 12 360 2 1.0 0.3475936 1.5245266 2.8424234 0.112299465 0.1657754 0.080213904 0.016042782 0.112299465 0.016042782 0.3475936 0.037433155 0.016042782 0.037433155 0.058823526 0.3475936 1.5245266 2.8424234 
28 6 32 "6" NA 0 0 1 0 NA 0 12 0 NA NA 63 96 4 500000 NA NA 12 372 2 1.0 0.1597633 2.645992 2.8578122 0.06508876 0.06508876 0.1597633 0.017751478 0.34911245 0.017751478 0.08875739 0.041420113 0.017751478 0.041420113 0.13609466 0.1597633 2.645992 2.8578122 
