dataset.id melody.id note.id melody.name vertint12 articulation comma voice ornament dyn phrase bioi deltast accidental mpitch cpitch barlength pulses tempo mode keysig dur onset cpitch.order.ltm.cpitch cpitch.order.stm.cpitch cpitch.weight.ltm cpitch.weight.stm cpitch.weight.ltm.cpitch cpitch.weight.stm.cpitch cpitch.probability cpitch.information.content cpitch.entropy cpitch.60 cpitch.61 cpitch.62 cpitch.63 cpitch.64 cpitch.65 cpitch.66 cpitch.67 cpitch.68 cpitch.69 cpitch.70 cpitch.71 probability information.content entropy 
29 1 1 "1" NA 0 0 1 0 NA 0 0 0 NA NA 60 96 4 500000 NA NA 12 0 0 0 0.65866894 0.34133103 0.99999994 1.0 0.11631931 3.1038373 3.4184124 0.11631931 0.03665504 0.128397 0.026706424 0.12524714 0.07735414 0.073421896 0.14399059 0.040320534 0.0971664 0.041396704 0.093024716 0.11631931 3.1038373 3.4184124 
29 1 2 "1" NA 0 0 1 0 NA 0 12 0 NA NA 66 96 4 500000 NA NA 12 12 1 0 0.6968608 0.30313915 1.0 1.0 0.012941203 6.2718844 2.8441396 0.31155917 0.012745332 0.15665491 0.00548318 0.10843278 0.029805377 0.012941203 0.09263163 0.005523351 0.08752451 0.020345928 0.15635255 0.012941203 6.2718844 2.8441396 
29 1 3 "1" NA 0 0 1 0 NA 0 12 0 NA NA 68 96 4 500000 NA NA 12 24 2 0 0.8046646 0.1953354 0.99999994 1.0 0.04859512 4.3630447 2.921345 0.008454463 0.024504675 0.07707633 0.020819703 0.07838001 0.05758622 0.16474119 0.34599498 0.04859512 0.12398804 0.03289136 0.016967952 0.04859512 4.3630447 2.921345 
29 1 4 "1" NA 0 0 1 0 NA 0 12 0 NA NA 70 96 4 500000 NA NA 12 36 2 0 0.8048539 0.1951461 1.0 1.0 0.25546873 1.9687814 2.9015377 0.018198382 0.063019484 0.009331846 0.024211464 0.016302444 0.053190507 0.23168173 0.020231247 0.19520673 0.06966324 0.25546873 0.0434941 0.25546873 1.9687814 2.9015377 
29 1 5 "1" NA 0 0 1 0 NA 0 12 0 NA NA 62 96 4 500000 NA NA 12 48 3 0 0.89343727 0.10656278 1.0 1.0 0.0033389926 8.226371 2.589931 0.029642243 0.07753361 0.0033389926 0.016839517 0.0024688062 0.005377713 0.17927137 0.0037559671 0.31380716 0.01396076 0.1520692 0.20193465 0.0033389926 8.226371 2.589931 
29 1 6 "1" NA 0 0 1 0 NA 0 12 0 NA NA 64 96 4 500000 NA NA 12 60 2 0 0.9451958 0.054804165 1.0 1.0 0.096583255 3.3720832 2.36597 0.10271478 0.005873026 0.38921255 0.28775093 0.096583255 0.011767403 0.006837828 0.04770685 0.0010274071 0.012225552 0.0017772722 0.036523234 0.096583255 3.3720832 2.36597 
29 1 7 "1" NA 0 0 1 0 NA 0 12 0 NA NA 69 96 4 500000 NA NA 12 72 2 0 0.8545869 0.14541312 1.0 1.0 0.038647894 4.693466 2.8173175 0.12135536 0.007106062 0.27749723 0.00820429 0.18455315 0.14533147 0.09034273 0.10841659 0.0036958964 0.038647894 0.0029435079 0.011905773 0.038647894 4.693466 2.8173175 
29 1 8 "1" NA 0 0 1 0 NA 0 12 0 NA NA 65 96 4 500000 NA NA 12 84 3 0 0.9027372 0.09726283 1.0 1.0 0.04124129 4.5997667 2.7270527 0.048589475 0.006011241 0.065768436 0.0054029473 0.04278381 0.04124129 0.046981826 0.35672897 0.016858274 0.20541793 0.009764918 0.15445095 0.04124129 4.5997667 2.7270527 
29 1 9 "1" NA 0 0 1 0 NA 0 12 0 NA NA 63 96 4 500000 NA NA 12 96 4 0 0.9318282 0.06817173 1.0 1.0 0.0076830494 7.024105 2.508478 0.050048474 0.0016800377 0.20059623 0.0076830494 0.20834085 0.23821104 0.011942763 0.24488424 0.0028733911 0.026693977 0.005192632 0.0018533489 0.0076830494 7.024105 2.508478 
29 1 10 "1" NA 0 0 1 0 NA 0 12 0 NA NA 71 96 4 500000 NA NA 12 108 2 0 0.75661117 0.24338886 1.0 1.0 0.058340926 4.099348 3.2553706 0.029837651 0.2099966 0.11221257 0.13306187 0.07170443 0.16925189 0.07747313 0.02802662 0.04469765 0.018661177 0.046735547 0.058340926 0.058340926 4.099348 3.2553706 
29 1 11 "1" NA 0 0 1 0 NA 0 12 0 NA NA 67 96 4 500000 NA NA 12 120 3 0 0.9915552 0.008444837 1.0 1.0 0.013433847 6.2179837 1.8332871 0.028363694 0.028165502 0.01378283 0.017534226 0.003581167 7.480148e-4 0.009719322 0.013433847 0.13446829 0.041831326 0.664732 0.043639835 0.013433847 6.2179837 1.8332871 
29 1 12 "1" NA 0 0 1 0 NA 0 12 0 NA NA 61 96 4 500000 NA NA 12 132 2 0 0.8018823 0.19811764 1.0 1.0 0.0031309975 8.319162 3.046721 0.102279045 0.0031309975 0.09497935 0.0034117168 0.11423514 0.102681234 0.10882367 0.23341666 0.011026476 0.1442101 0.0059479005 0.075857766 0.0031309975 8.319162 3.046721 
29 1 13 "1" NA 0 0 1 0 NA 0 12 0 NA NA 71 96 4 500000 NA NA 12 144 2 0 0.9881947 0.011805245 1.0 1.0 0.0648944 3.9457622 1.936874 0.010930811 0.66472757 0.03649431 0.04506965 0.007438868 0.011975563 0.06421215 0.005334627 0.020992119 0.008837585 0.05909238 0.0648944 0.0648944 3.9457622 1.936874 
29 1 14 "1" NA 0 0 1 0 NA 0 12 0 NA NA 63 96 4 500000 NA NA 12 156 2 1 0.92248535 0.0775147 1.0 1.0 0.017976841 5.7977166 2.6382024 0.049749706 0.0415498 0.030308671 0.017976841 0.012590137 0.0016901178 0.02878305 0.03127524 0.11290077 0.09856569 0.45064998 0.12395993 0.017976841 5.7977166 2.6382024 
29 1 15 "1" NA 0 0 1 0 NA 0 12 0 NA NA 65 96 4 500000 NA NA 12 168 3 1 0.9417985 0.058201555 1.0 1.0 0.05731777 4.1248736 2.4966786 0.009194275 0.46851537 0.029996904 0.18258348 0.06829223 0.05731777 0.08220406 0.009418506 0.053116564 0.005126297 0.011112665 0.023121767 0.05731777 4.1248736 2.4966786 
29 1 16 "1" NA 0 0 1 0 NA 0 12 0 NA NA 69 96 4 500000 NA NA 12 180 2 1 0.96809953 0.031900488 1.0 1.0 0.0046589766 7.745771 2.2481942 0.0020682367 0.022206213 0.028122827 0.12113559 0.047899555 0.09829674 0.55970824 0.04883729 0.029841304 0.0046589766 0.035590284 0.0016347672 0.0046589766 7.745771 2.2481942 
29 1 17 "1" NA 0 0 1 0 NA 0 12 0 NA NA 64 96 4 500000 NA NA 12 192 2 1 0.91509676 0.08490325 1.0 1.0 0.035764746 4.805318 2.646473 0.047978327 0.0035927806 0.08161498 0.003825891 0.035764746 0.046933856 0.03663541 0.38765445 0.0113059115 0.18595962 0.009443407 0.14929065 0.035764746 4.805318 2.646473 
29 1 18 "1" NA 0 0 1 0 NA 0 12 0 NA NA 62 96 4 500000 NA NA 12 204 3 1 0.9283554 0.07164464 1.0 1.0 0.20828761 2.263351 2.5388763 0.070873596 0.003605712 0.20828761 0.0052897097 0.14976695 0.094412945 0.05116042 0.3739429 0.0018946464 0.030006707 0.0015821528 0.009176689 0.20828761 2.263351 2.5388763 
29 1 19 "1" NA 0 0 1 0 NA 0 12 0 NA NA 70 96 4 500000 NA NA 12 216 3 1 0.9280446 0.0719554 1.0 1.0 0.0016507747 9.2426405 2.5304213 0.3586385 0.018524047 0.19799222 0.0031648239 0.20376204 0.026539385 0.014207879 0.08704568 7.77762e-4 0.02298178 0.0016507747 0.06471509 0.0016507747 9.2426405 2.5304213 
29 1 20 "1" NA 0 0 1 0 NA 0 12 0 NA NA 68 96 4 500000 NA NA 12 228 3 1 0.96665657 0.03334348 1.0 1.0 0.08369428 3.578727 2.2389264 0.15432712 0.02839424 0.003482424 0.008794918 0.0022999316 0.033603612 0.02805925 0.0036068277 0.08369428 0.044819396 0.54540277 0.06351526 0.08369428 3.578727 2.2389264 
29 1 21 "1" NA 0 0 1 0 NA 0 12 0 NA NA 66 96 4 500000 NA NA 12 240 2 1 0.8896687 0.110331334 0.99999994 1.0 0.345329 1.5339566 2.7509794 0.008136565 0.06984783 0.007270234 0.025146095 0.010190017 0.03765104 0.345329 0.0329841 0.17722277 0.043680042 0.19745728 0.045085113 0.345329 1.5339566 2.7509794 
29 1 22 "1" NA 0 0 1 0 NA 0 12 0 NA NA 60 96 4 500000 NA NA 12 252 3 1 0.85119957 0.14880042 1.0 1.0 0.006702606 7.221062 2.885154 0.006702606 0.07579964 0.00937957 0.0594902 0.03819759 0.3234795 0.1476657 0.056905635 0.15796147 0.010498724 0.10258509 0.011334367 0.006702606 7.221062 2.885154 
29 1 23 "1" NA 0 0 1 0 NA 0 12 0 NA NA 64 96 4 500000 NA NA 12 264 3 1 0.79566175 0.2043383 1.0 1.0 0.10332651 3.2747176 2.9869616 0.19530384 0.18569306 0.15034083 0.0030532407 0.10332651 0.021083245 0.010333184 0.074141875 0.0030770455 0.095457725 0.013635993 0.14455344 0.10332651 3.2747176 2.9869616 
29 1 24 "1" NA 0 0 1 0 NA 0 12 0 NA NA 63 96 4 500000 NA NA 12 276 3 1 0.8296826 0.17031746 1.0 1.0 0.2137803 2.225799 2.8844993 0.08160211 0.0045363256 0.23355949 0.2137803 0.14353323 0.09766865 0.047850557 0.12993607 0.002632879 0.03464063 0.002241152 0.008018642 0.2137803 2.225799 2.8844993 
29 1 25 "1" NA 0 0 1 0 NA 0 12 0 NA NA 70 96 4 500000 NA NA 12 288 3 1 0.9561279 0.043872185 1.0 1.0 0.0064339335 7.280083 2.3237526 0.0053074104 0.09846051 0.017630422 0.05989506 0.23438787 0.035547156 0.45576534 0.0053946925 0.0059120758 0.0029330722 0.0064339335 0.07233239 0.0064339335 7.280083 2.3237526 
29 1 26 "1" NA 0 0 1 0 NA 0 12 0 NA NA 68 96 4 500000 NA NA 12 300 2 1 0.8356652 0.16433477 1.0 0.99999994 0.25614965 1.9649411 2.882163 0.025729444 0.06024638 0.011317442 0.14241448 0.0072254715 0.009278008 0.081013635 0.01012089 0.25614965 0.035614993 0.21987984 0.14100982 0.25614965 1.9649411 2.882163 
29 1 27 "1" NA 0 0 1 0 NA 0 12 0 NA NA 62 96 4 500000 NA NA 12 312 3 2 0.9092656 0.0907344 1.0 1.0 0.004824626 7.6953673 2.427844 0.005495062 0.110262275 0.004824626 0.017391264 0.0069086673 0.025907453 0.4809636 0.022596508 0.1261787 0.03015447 0.13821736 0.03109994 0.004824626 7.6953673 2.427844 
29 1 28 "1" NA 0 0 1 0 NA 0 12 0 NA NA 67 96 4 500000 NA NA 12 324 2 1 0.94974506 0.050254986 1.0 1.0 0.059704624 4.0660133 2.3567512 0.12427352 0.0072762924 0.12576047 0.0051122424 0.12809135 0.47712067 0.008165822 0.059704624 0.0012157926 0.0153401205 0.0022893029 0.045649715 0.059704624 4.0660133 2.3567512 
29 1 29 "1" NA 0 0 1 0 NA 0 12 0 NA NA 69 96 4 500000 NA NA 12 336 2 1 0.7519731 0.2480269 0.99999994 1.0 0.14039643 2.8324218 3.0779312 0.09666313 0.0063692983 0.08948363 0.0041764984 0.1220134 0.10900079 0.10683561 0.22717871 0.011364097 0.14039643 0.007033618 0.07948482 0.14039643 2.8324218 3.0779312 
29 1 30 "1" NA 0 0 1 0 NA 0 12 0 NA NA 61 96 4 500000 NA NA 12 348 3 1 0.90026015 0.099739864 1.0 1.0 0.0026437154 8.563218 2.663494 0.051711444 0.0026437154 0.05540583 0.00290724 0.035022646 0.046695746 0.04389391 0.31089696 0.008911668 0.15772279 0.011531381 0.27265668 0.0026437154 8.563218 2.663494 
29 1 31 "1" NA 0 0 1 0 NA 0 12 0 NA NA 65 96 4 500000 NA NA 12 360 2 1 0.91033715 0.08966285 1.0 1.0 0.015292752 6.0310082 2.5816169 0.014059358 0.22910951 0.41095302 0.052894924 0.010061853 0.015292752 0.07183657 0.007260438 0.025647245 0.011792594 0.06788787 0.08320383 0.015292752 6.0310082 2.5816169 
29 1 32 "1" NA 0 0 1 0 NA 0 12 0 NA NA 71 96 4 500000 NA NA 12 372 2 1 0.95149225 0.048507765 1.0 0.99999994 0.0027048644 8.530228 2.2981033 0.0034561937 0.041522346 0.023911396 0.012485853 0.07666878 0.06943942 0.30020395 0.035792295 0.4230352 0.008205193 0.0025744888 0.0027048644 0.0027048644 8.530228 2.2981033 
29 2 1 "2" NA 0 0 1 0 NA 0 0 0 NA NA 62 96 4 500000 NA NA 12 0 0 0 0.6584376 0.3415624 1.0 1.0 0.12835146 2.9618285 3.4188213 0.11627523 0.03669153 0.12835146 0.026780566 0.12520505 0.07736395 0.073421 0.14391716 0.04037338 0.097154856 0.04144811 0.09301764 0.12835146 2.9618285 3.4188213 
29 2 2 "2" NA 0 0 1 0 NA 0 12 0 NA NA 70 96 4 500000 NA NA 12 12 1 0 0.7317165 0.26828343 1.0 1.0 0.008086122 6.9503365 2.8252406 0.18164554 0.020547256 0.3071413 0.015452165 0.17960547 0.03518884 0.022298673 0.10408281 0.0051406734 0.03624485 0.008086122 0.08456627 0.008086122 6.9503365 2.8252406 
29 2 3 "2" NA 0 0 1 0 NA 0 12 0 NA NA 69 96 4 500000 NA NA 12 24 2 0 0.65206283 0.34793717 1.0 1.0 0.06621012 3.9168043 3.1172814 0.12202556 0.070468016 0.028631274 0.031878695 0.012898882 0.04468971 0.069906 0.017519107 0.15853247 0.06621012 0.28104404 0.09619618 0.06621012 3.9168043 3.1172814 
29 2 4 "2" NA 0 0 1 0 NA 0 12 0 NA NA 61 96 4 500000 NA NA 12 36 3 0 0.89539856 0.104601495 1.0 1.0 0.003437606 8.18438 2.6371765 0.05846166 0.003437606 0.05460381 0.003437606 0.028892243 0.033680007 0.0298474 0.41619965 0.013483386 0.1839371 0.049756218 0.12426335 0.003437606 8.18438 2.6371765 
29 2 5 "2" NA 0 0 1 0 NA 0 12 0 NA NA 60 96 4 500000 NA NA 12 48 2 0 0.7972847 0.20271526 0.99999994 1.0 0.01783476 5.8091645 2.9415321 0.01783476 0.21193418 0.30417094 0.055929676 0.013074124 0.10281831 0.074417576 0.009997855 0.030193977 0.018510977 0.085744634 0.075373 0.01783476 5.8091645 2.9415321 
29 2 6 "2" NA 0 0 1 0 NA 0 12 0 NA NA 71 96 4 500000 NA NA 12 60 2 0 0.83053625 0.16946374 1.0 1.0 0.12971507 2.9465818 2.8625898 0.13255866 0.16512322 0.09219193 0.001470838 0.051562622 0.011049749 0.00417599 0.07102966 0.0014823623 0.04606533 0.29357448 0.12971507 0.12971507 2.9465818 2.8625898 
29 2 7 "2" NA 0 0 1 0 NA 0 12 0 NA NA 65 96 4 500000 NA NA 12 72 3 0 0.99116904 0.008830921 1.0 1.0 0.0051306332 7.6066475 1.8031046 0.080346696 0.0033681786 0.030738352 0.0033476243 0.0117139695 0.0051306332 0.0038577646 0.023284966 0.0033476243 0.15375681 0.6435769 0.037530508 0.0051306332 7.6066475 1.8031046 
29 2 8 "2" NA 0 0 1 0 NA 0 12 0 NA NA 63 96 4 500000 NA NA 12 84 3 0 0.9850802 0.0149197895 1.0 1.0 0.011636863 6.425154 1.9699544 0.0032976884 0.0023399086 0.02415473 0.011636863 0.263544 0.54768014 0.05544246 0.036779992 0.016733954 0.020410983 0.015319632 0.0026597301 0.011636863 6.425154 1.9699544 
29 2 9 "2" NA 0 0 1 0 NA 0 12 0 NA NA 66 96 4 500000 NA NA 12 96 2 0 0.74950606 0.25049397 1.0 1.0 0.06916943 3.8537216 3.232105 0.030021075 0.22502045 0.11152183 0.13203813 0.06406305 0.168186 0.06916943 0.0273907 0.040116746 0.018861815 0.04778226 0.065828495 0.06916943 3.8537216 3.232105 
29 2 10 "2" NA 0 0 1 0 NA 0 12 0 NA NA 64 96 4 500000 NA NA 12 108 3 0 0.78811616 0.21188381 1.0 1.0 0.089285314 3.4854333 3.1474855 0.0072453427 0.06898915 0.025405262 0.07278798 0.089285314 0.20548147 0.22535503 0.12764558 0.07796228 0.028200004 0.035538547 0.036103982 0.089285314 3.4854333 3.1474855 
29 2 11 "2" NA 0 0 1 0 NA 0 12 0 NA NA 68 96 4 500000 NA NA 12 120 3 0 0.834618 0.16538195 0.99999994 1.0 0.0036399695 8.101858 2.9676037 0.133553 0.0070692627 0.26333833 0.06624777 0.16551706 0.11253105 0.0840585 0.10340139 0.0036399695 0.042794093 0.00322139 0.014628091 0.0036399695 8.101858 2.9676037 
29 2 12 "2" NA 0 0 1 0 NA 0 12 0 NA NA 67 96 4 500000 NA NA 12 132 2 0 0.9996528 3.4720005e-4 1.0 1.0 0.004534675 7.7847853 1.1496435 0.0020012679 0.012533285 0.0018678949 0.004268248 0.0025347313 0.0076012905 0.05343952 0.004534675 0.03585343 0.82146883 0.044380326 0.00893435 0.004534675 7.7847853 1.1496435 
29 2 13 "2" NA 0 0 1 0 NA 0 12 0 NA NA 64 96 4 500000 NA NA 12 144 2 0 0.99962103 3.7895865e-4 1.0 1.0 0.014476607 6.1101327 1.1644716 0.011951087 2.0083261e-4 0.007968615 2.0083261e-4 0.014476607 0.0134744365 0.012031265 0.11637586 0.79754025 0.018110929 4.0155952e-4 0.0066320607 0.014476607 6.1101327 1.1644716 
29 2 14 "2" NA 0 0 1 0 NA 0 12 0 NA NA 66 96 4 500000 NA NA 12 156 2 1 0.8694326 0.13056737 0.99999994 1.0 0.06748511 3.8892868 2.8223739 0.12597328 0.008256719 0.27384564 0.0092129605 0.1841123 0.13586095 0.06748511 0.1341003 0.0037660028 0.043757536 0.003073434 0.010555798 0.06748511 3.8892868 2.8223739 
29 2 15 "2" NA 0 0 1 0 NA 0 12 0 NA NA 63 96 4 500000 NA NA 12 168 3 1 0.9942454 0.0057546296 1.0 1.0 0.0073124585 7.0954275 1.7166579 0.0018131871 0.002375676 0.07260162 0.0073124585 0.055361986 0.006827815 0.06681154 0.6966082 0.025554294 0.05175809 0.0034177313 0.009557374 0.0073124585 7.0954275 1.7166579 
29 2 16 "2" NA 0 0 1 0 NA 0 12 0 NA NA 65 96 4 500000 NA NA 12 180 3 1 0.73162353 0.26837653 0.99999994 1.0 0.14056878 2.830652 3.2870238 0.033390705 0.19599064 0.08089732 0.1139289 0.15639484 0.14056878 0.077502325 0.0313651 0.03844033 0.019558685 0.042738188 0.06922421 0.14056878 2.830652 3.2870238 
29 2 17 "2" NA 0 0 1 0 NA 0 12 0 NA NA 71 96 4 500000 NA NA 12 192 3 1 0.9554022 0.044597734 1.0 1.0 0.0011406064 9.775983 2.3779442 0.0014050598 0.042574566 0.04696145 0.0664896 0.031226706 0.05497409 0.5367565 0.028886903 0.075661235 0.006957293 0.10696606 0.0011406064 0.0011406064 9.775983 2.3779442 
29 2 18 "2" NA 0 0 1 0 NA 0 12 0 NA NA 60 96 4 500000 NA NA 12 204 2 1 0.8585795 0.1414205 1.0 1.0 0.21697035 2.20443 2.8839445 0.21697035 0.021082722 0.24791002 0.02396466 0.022895515 0.006826697 0.009800261 0.08516534 0.01877968 0.18187515 0.04205895 0.12267056 0.21697035 2.20443 2.8839445 
29 2 19 "2" NA 0 0 1 0 NA 0 12 0 NA NA 61 96 4 500000 NA NA 12 216 3 1 0.92078847 0.07921154 1.0 1.0 0.006533272 7.257979 2.6025774 0.08304223 0.006533272 0.402231 0.0050689476 0.18237507 0.018110367 0.017446075 0.076330006 0.0068107243 0.07630835 0.008194623 0.117549405 0.006533272 7.257979 2.6025774 
29 2 20 "2" NA 0 0 1 0 NA 0 12 0 NA NA 69 96 4 500000 NA NA 12 228 3 1 0.69575065 0.30424938 1.0 1.0 0.031612493 4.9833612 3.324558 0.04931058 0.17513017 0.12330218 0.104142085 0.026271071 0.042484023 0.12531266 0.020787828 0.057537016 0.031612493 0.116309 0.12780088 0.031612493 4.9833612 3.324558 
29 2 21 "2" NA 0 0 1 0 NA 0 12 0 NA NA 70 96 4 500000 NA NA 12 240 3 1 0.92221415 0.07778587 1.0 0.99999994 0.006852362 7.1891828 2.5569124 0.03262206 0.0031236424 0.139172 0.0027648385 0.021756424 0.023490388 0.04132517 0.24444817 0.008215334 0.1283899 0.006852362 0.34783968 0.006852362 7.1891828 2.5569124 
29 2 22 "2" NA 0 0 1 0 NA 0 12 0 NA NA 62 96 4 500000 NA NA 12 252 2 1 0.73710865 0.26289132 1.0 1.0 0.030169748 5.0507536 3.1954637 0.116761096 0.06187364 0.030169748 0.025240501 0.00871524 0.030977178 0.061315842 0.045435127 0.14520998 0.17187297 0.20724362 0.09518509 0.030169748 5.0507536 3.1954637 
29 2 23 "2" NA 0 0 1 0 NA 0 12 0 NA NA 67 96 4 500000 NA NA 12 264 3 1 0.95705783 0.04294217 1.0 1.0 0.041791312 4.580653 2.2821608 0.087259226 0.0050450317 0.20275687 0.45921567 0.14298464 0.010196949 0.0056147366 0.041791312 8.173812e-4 0.010599033 0.0016172382 0.03210198 0.041791312 4.580653 2.2821608 
29 2 24 "2" NA 0 0 1 0 NA 0 12 0 NA NA 63 96 4 500000 NA NA 12 276 2 1 0.75951904 0.24048091 0.99999994 1.0 0.0037446332 8.06096 3.0560634 0.09362373 0.00435513 0.08273627 0.0037446332 0.14977437 0.10570076 0.10358027 0.22193028 0.010209992 0.1367532 0.006339387 0.08125194 0.0037446332 8.06096 3.0560634 
29 2 25 "2" NA 0 0 1 0 NA 0 12 0 NA NA 64 96 4 500000 NA NA 12 288 2 1 0.87236166 0.12763834 1.0 1.0 0.046188243 4.436331 2.8190708 0.017766675 0.122206524 0.33017635 0.22256722 0.046188243 0.10995104 0.041349716 0.018164383 0.019059593 0.010344062 0.021921873 0.040304363 0.046188243 4.436331 2.8190708 
29 2 26 "2" NA 0 0 1 0 NA 0 12 0 NA NA 65 96 4 500000 NA NA 12 300 2 1 0.74702775 0.2529723 1.0 1.0 0.08050298 3.634814 3.0736513 0.09043068 0.03270009 0.16495286 0.04691813 0.16672978 0.08050298 0.21666072 0.10608243 0.0051815035 0.07618292 0.0033509166 0.010306978 0.08050298 3.634814 3.0736513 
29 2 27 "2" NA 0 0 1 0 NA 0 12 0 NA NA 71 96 4 500000 NA NA 12 312 2 1 0.90137154 0.09862852 1.0 1.0 0.011336682 6.4628577 2.622831 0.012891123 0.0054428647 0.13213785 0.02751431 0.26890016 0.118352965 0.03794618 0.32088935 0.009398204 0.04961133 0.005578959 0.011336682 0.011336682 6.4628577 2.622831 
29 2 28 "2" NA 0 0 1 0 NA 0 12 0 NA NA 61 96 4 500000 NA NA 12 324 3 2 0.88816494 0.11183505 1.0 1.0 0.012730964 6.2955146 2.5125508 0.18426092 0.012730964 0.40889943 0.014696223 0.013864984 0.0039942735 0.005683982 0.05396235 0.010937523 0.11829213 0.026009265 0.14666805 0.012730964 6.2955146 2.5125508 
29 2 29 "2" NA 0 0 1 0 NA 0 12 0 NA NA 70 96 4 500000 NA NA 12 336 2 1 0.65458316 0.3454168 1.0 1.0 0.11694659 3.0960782 3.3608222 0.05301277 0.17002383 0.09947821 0.11436609 0.02831022 0.04539135 0.11499392 0.020869724 0.05931052 0.043721057 0.11694659 0.13357562 0.11694659 3.0960782 3.3608222 
29 2 30 "2" NA 0 0 1 0 NA 0 12 0 NA NA 60 96 4 500000 NA NA 12 348 3 1 0.8194597 0.18054025 1.0 1.0 0.02602516 5.2639494 2.9476366 0.02602516 0.16596761 0.011092921 0.06841712 0.0062105604 0.013361172 0.15642205 0.0091237165 0.23729171 0.037685037 0.16976096 0.09864195 0.02602516 5.2639494 2.9476366 
29 2 31 "2" NA 0 0 1 0 NA 0 12 0 NA NA 68 96 4 500000 NA NA 12 360 3 1 0.9263541 0.07364594 1.0 1.0 4.5309655e-4 11.107894 2.4824276 0.08403265 0.12807435 0.14949037 4.6721278e-4 0.024243016 0.0044216216 0.001469086 0.029794006 4.5309655e-4 0.4330542 0.10167217 0.042828277 4.5309655e-4 11.107894 2.4824276 
29 2 32 "2" NA 0 0 1 0 NA 0 12 0 NA NA 69 96 4 500000 NA NA 12 372 1 1 0.7305472 0.26945278 1.0 1.0 0.07468947 3.7429514 3.1648974 0.020955328 0.080087945 0.018439107 0.036449138 0.023047775 0.055571686 0.21387438 0.05746983 0.15976721 0.07468947 0.20177558 0.057872582 0.07468947 3.7429514 3.1648974 
29 3 1 "3" NA 0 0 1 0 NA 0 0 0 NA NA 60 96 4 500000 NA NA 12 0 0 0 0.65820295 0.34179708 1.0 1.0 0.11624272 3.1047876 3.4192355 0.11624272 0.036749467 0.12829444 0.026854612 0.1251627 0.07737369 0.0734201 0.14384334 0.040405814 0.09714318 0.041499496 0.09301045 0.11624272 3.1047876 3.4192355 
29 3 2 "3" NA 0 0 1 0 NA 0 12 0 NA NA 71 96 4 500000 NA NA 12 12 1 0 0.7033214 0.29667866 1.0 1.0 0.1600926 2.6430213 2.8365228 0.31343222 0.013784459 0.15819257 0.0075513734 0.107305005 0.027356997 0.009340239 0.08875697 0.006252938 0.08709307 0.020841498 0.1600926 0.1600926 2.6430213 2.8365228 
29 3 3 "3" NA 0 0 1 0 NA 0 12 0 NA NA 66 96 4 500000 NA NA 12 24 2 0 0.8586266 0.14137346 1.0 1.0 0.014364811 6.1213174 2.6791947 0.24653469 0.012703927 0.08626049 0.012703927 0.03759803 0.019176502 0.014364811 0.068176925 0.012703927 0.3479145 0.014364811 0.12749738 0.014364811 6.1213174 2.6791947 
29 3 4 "3" NA 0 0 1 0 NA 0 12 0 NA NA 65 96 4 500000 NA NA 12 36 3 0 0.9810156 0.018984444 1.0 1.0 0.041127298 4.60376 1.9427035 0.0024494352 0.012094007 0.025306776 0.010014062 0.07038298 0.041127298 0.09146203 0.6598066 0.034841374 0.012983218 0.017314864 0.022217404 0.041127298 4.60376 1.9427035 
29 3 5 "3" NA 0 0 1 0 NA 0 12 0 NA NA 64 96 4 500000 NA NA 12 48 3 0 0.70738596 0.29261404 1.0 0.99999994 0.1547522 2.6919682 3.2291691 0.020842994 0.17962776 0.06552912 0.108347744 0.1547522 0.13004966 0.14737904 0.08911639 0.033812165 0.02885088 0.021831118 0.019860908 0.1547522 2.6919682 3.2291691 
29 3 6 "3" NA 0 0 1 0 NA 0 12 0 NA NA 63 96 4 500000 NA NA 12 60 3 0 0.9123773 0.08762265 1.0 1.0 0.0029207484 8.419446 2.5564218 0.14572978 0.0019821578 0.26331082 0.0029207484 0.20724419 0.090320036 0.025494117 0.23075068 0.0019182282 0.024882581 0.0012992444 0.00414742 0.0029207484 8.419446 2.5564218 
29 3 7 "3" NA 0 0 1 0 NA 0 12 0 NA NA 61 96 4 500000 NA NA 12 72 2 0 0.84455115 0.15544887 1.0 1.0 0.15190452 2.7187634 2.9138405 0.0143989725 0.15190452 0.03733259 0.10730006 0.32888818 0.07519965 0.09900711 0.013205254 0.014224769 0.007657436 0.034041822 0.11683961 0.15190452 2.7187634 2.9138405 
29 3 8 "3" NA 0 0 1 0 NA 0 12 0 NA NA 70 96 4 500000 NA NA 12 84 3 0 0.8690409 0.13095914 1.0 1.0 0.11942229 3.065856 2.817168 0.025781618 0.22236386 0.019867808 0.07201736 0.005278912 0.020580031 0.07302931 0.003662057 0.17293485 0.005906408 0.11942229 0.25915548 0.11942229 3.065856 2.817168 
29 3 9 "3" NA 0 0 1 0 NA 0 12 0 NA NA 69 96 4 500000 NA NA 12 96 3 0 0.8605809 0.13941911 1.0 1.0 0.024166562 5.370844 2.869016 0.025158059 0.18043551 0.0066896547 0.083292596 0.0047901785 0.010265927 0.16894588 0.0067450106 0.24290822 0.024166562 0.15830845 0.088294074 0.024166562 5.370844 2.869016 
29 3 10 "3" NA 0 0 1 0 NA 0 12 0 NA NA 67 96 4 500000 NA NA 12 108 2 0 0.8885329 0.11146714 1.0 1.0 0.34638834 1.5295377 2.822228 0.068315655 0.00865642 0.05594689 0.004286019 0.034971476 0.040344626 0.036602203 0.34638834 0.015527049 0.19039956 0.048614178 0.14994754 0.34638834 1.5295377 2.822228 
29 3 11 "3" NA 0 0 1 0 NA 0 12 0 NA NA 62 96 4 500000 NA NA 12 120 3 0 0.7945845 0.20541549 1.0 1.0 0.06702166 3.8992288 3.0542934 0.089772984 0.0015490951 0.06702166 0.0016306071 0.09490251 0.16581547 0.13839789 0.19960469 0.0042584436 0.14868437 0.043765344 0.044596873 0.06702166 3.8992288 3.0542934 
29 3 12 "3" NA 0 0 1 0 NA 0 12 0 NA NA 68 96 4 500000 NA NA 12 132 4 0 0.873041 0.12695901 1.0 1.0 0.002773736 8.493954 2.8473365 0.20502767 0.016002951 0.22738388 0.011730119 0.22327597 0.032557663 0.017810676 0.11581906 0.002773736 0.031593405 0.018290753 0.09773425 0.002773736 8.493954 2.8473365 
29 3 13 "3" NA 0 0 1 0 NA 0 12 0 NA NA 67 96 4 500000 NA NA 12 144 2 0 0.85187757 0.14812246 1.0 1.0 0.01872893 5.738588 2.93918 0.009100004 0.043452974 0.008580579 0.017352402 0.21777833 0.028375695 0.14952593 0.01872893 0.10641617 0.24048918 0.12763502 0.03256479 0.01872893 5.738588 2.93918 
29 3 14 "3" NA 0 0 1 0 NA 0 12 0 NA NA 69 96 4 500000 NA NA 12 156 2 1 0.9958727 0.0041273464 0.99999994 1.0 0.029041411 5.1057444 1.6338094 0.019193815 3.2752132e-4 0.01287157 3.492632e-4 0.060307518 0.02163063 0.0193221 0.12580808 0.69982004 0.029041411 6.5317337e-4 0.010674843 0.029041411 5.1057444 1.6338094 
29 3 15 "3" NA 0 0 1 0 NA 0 12 0 NA NA 70 96 4 500000 NA NA 12 168 2 1 0.9059136 0.09408647 1.0 1.0 0.011059518 6.4985676 2.6676638 0.053555306 0.00394952 0.056630924 0.0034805578 0.035810366 0.042004723 0.045530714 0.3586448 0.01076002 0.17328043 0.011059518 0.20529301 0.011059518 6.4985676 2.6676638 
29 3 16 "3" NA 0 0 1 0 NA 0 12 0 NA NA 61 96 4 500000 NA NA 12 180 3 1 0.8702572 0.12974282 1.0 1.0 0.035711437 4.80747 2.829923 0.1561625 0.035711437 0.025979083 0.01239012 0.003703319 0.01577875 0.03533116 0.026016138 0.102564365 0.26474562 0.26223534 0.059382174 0.035711437 4.80747 2.829923 
29 3 17 "3" NA 0 0 1 0 NA 0 12 0 NA NA 63 96 4 500000 NA NA 12 192 2 1 0.86857396 0.13142605 1.0 1.0 0.1012514 3.3039863 2.8143466 0.0105589945 0.23204142 0.029637448 0.1012514 0.007323754 0.017320033 0.17508702 0.0054677767 0.034414914 0.008917928 0.18627769 0.19170156 0.1012514 3.3039863 2.8143466 
29 3 18 "3" NA 0 0 1 0 NA 0 12 0 NA NA 64 96 4 500000 NA NA 12 204 3 1 0.88014585 0.11985416 1.0 1.0 0.05322861 4.2316546 2.795528 0.017257735 0.28621784 0.046842262 0.08568479 0.05322861 0.286396 0.037547488 0.015137863 0.021162476 0.008678685 0.018519185 0.12332702 0.05322861 4.2316546 2.795528 
29 3 19 "3" NA 0 0 1 0 NA 0 12 0 NA NA 65 96 4 500000 NA NA 12 216 3 1 0.81978214 0.18021786 1.0 1.0 0.12401197 3.0114486 2.9989095 0.10199882 0.02029506 0.24917601 0.03747965 0.17778647 0.12401197 0.096525416 0.1237936 0.0046199136 0.04757942 0.0038318234 0.012901825 0.12401197 3.0114486 2.9989095 
29 3 20 "3" NA 0 0 1 0 NA 0 12 0 NA NA 66 96 4 500000 NA NA 12 228 3 1 0.92541224 0.07458775 1.0 1.0 0.023147801 5.432981 2.5478435 0.0076405904 0.0031804724 0.083333775 0.014978709 0.18545708 0.07340052 0.023147801 0.20721744 0.005686849 0.030749839 0.0032621454 0.36194482 0.023147801 5.432981 2.5478435 
29 3 21 "3" NA 0 0 1 0 NA 0 12 0 NA NA 71 96 4 500000 NA NA 12 240 3 1 0.9990804 9.1952976e-4 1.0 1.0 7.439414e-4 10.392524 1.2920604 2.2538775e-4 0.015402994 0.00110572 0.016034529 0.004984118 0.045246907 0.034953136 0.7894793 0.06711404 0.002100374 0.02260959 7.439414e-4 7.439414e-4 10.392524 1.2920604 
29 3 22 "3" NA 0 0 1 0 NA 0 12 0 NA NA 60 96 4 500000 NA NA 12 252 2 1 0.7865845 0.21341552 1.0 1.0 0.18747637 2.4152195 3.0959094 0.18747637 0.038363867 0.104291916 0.011524408 0.037752036 0.01091566 0.022384597 0.10327029 0.031693798 0.22749014 0.07855143 0.14628553 0.18747637 2.4152195 3.0959094 
29 3 23 "3" NA 0 0 1 0 NA 0 12 0 NA NA 66 96 4 500000 NA NA 12 264 3 1 0.88536286 0.11463713 1.0 1.0 0.004654187 7.747255 2.6543763 0.17777313 0.007040041 0.20363957 0.0035200291 0.09829889 0.016169857 0.004654187 0.077858746 0.0024224946 0.08220419 0.01158588 0.31483302 0.004654187 7.747255 2.6543763 
29 3 24 "3" NA 0 0 1 0 NA 0 12 0 NA NA 67 96 4 500000 NA NA 12 276 3 1 0.92656314 0.07343692 1.0 1.0 0.45022509 1.1512816 2.5745249 0.0034448327 0.01591965 0.044432577 0.013320571 0.060838077 0.045273222 0.08813339 0.45022509 0.06303313 0.1818461 0.022342505 0.011190789 0.45022509 1.1512816 2.5745249 
29 3 25 "3" NA 0 0 1 0 NA 0 12 0 NA NA 68 96 4 500000 NA NA 12 288 4 1 0.81369966 0.18630041 1.0 1.0 0.008213015 6.9278727 2.8868842 0.06130164 0.0020718367 0.25180584 0.0021835465 0.08367819 0.066513225 0.107589185 0.15975527 0.008213015 0.2016625 0.0036416946 0.051584102 0.008213015 6.9278727 2.8868842 
29 3 26 "3" NA 0 0 1 0 NA 0 12 0 NA NA 69 96 4 500000 NA NA 12 300 3 1 0.9528179 0.04718206 0.99999994 1.0 0.3903021 1.3573369 2.276175 0.0021316346 0.024822474 0.0019691032 0.010958424 0.0026701228 0.0265731 0.049318142 0.032263707 0.34888014 0.3903021 0.08234428 0.0277668 0.3903021 1.3573369 2.276175 
29 3 27 "3" NA 0 0 1 0 NA 0 12 0 NA NA 71 96 4 500000 NA NA 12 312 4 1 0.83918715 0.16081281 1.0 1.0 0.14718425 2.7643049 2.8399458 0.04909757 0.004742062 0.050980538 0.00451997 0.038833708 0.046836656 0.036681823 0.30180132 0.012291802 0.23432828 0.072702 0.14718425 0.14718425 2.7643049 2.8399458 
29 3 28 "3" NA 0 0 1 0 NA 0 12 0 NA NA 62 96 4 500000 NA NA 12 324 4 1 0.96975106 0.03024892 0.99999994 1.0 0.04554743 4.4564867 2.1076932 0.5560651 0.01102917 0.04554743 6.530829e-4 0.01252737 6.1081746e-4 0.007979896 0.096717544 0.021423973 0.14829168 0.0054207565 0.09373326 0.04554743 4.4564867 2.1076932 
29 3 29 "3" NA 0 0 1 0 NA 0 12 0 NA NA 63 96 4 500000 NA NA 12 336 3 1 0.8448847 0.15511525 1.0 0.99999994 0.005518307 7.5015583 2.7196426 0.23157616 0.0076685227 0.24550775 0.005518307 0.13708021 0.017966341 0.016946815 0.18221426 0.0021281424 0.052344874 0.0026971672 0.09835147 0.005518307 7.5015583 2.7196426 
29 3 30 "3" NA 0 0 1 0 NA 0 12 0 NA NA 65 96 4 500000 NA NA 12 348 2 1 0.6385773 0.36142272 1.0 1.0 0.17527 2.5123491 3.3192217 0.04757034 0.15244927 0.09226447 0.1066165 0.14566103 0.17527 0.07565637 0.023274072 0.037793275 0.017106276 0.06846335 0.057875093 0.17527 2.5123491 3.3192217 
29 3 31 "3" NA 0 0 1 0 NA 0 12 0 NA NA 70 96 4 500000 NA NA 12 360 3 1 0.93390715 0.06609285 1.0 1.0 0.024221946 5.3675413 2.3619149 0.0020652364 0.035186578 0.02240606 0.13364924 0.04676923 0.12385403 0.5186693 0.056278467 0.020708214 0.009427719 0.024221946 0.0067639207 0.024221946 5.3675413 2.3619149 
29 3 32 "3" NA 0 0 1 0 NA 0 12 0 NA NA 64 96 4 500000 NA NA 12 372 3 1 0.8461313 0.15386868 1.0 1.0 0.0059749633 7.386854 2.8699155 0.022541067 0.07974306 0.008816287 0.1167048 0.0059749633 0.022221673 0.12645702 0.008888524 0.34784767 0.06667795 0.12733638 0.06679054 0.0059749633 7.386854 2.8699155 
29 4 1 "4" NA 0 0 1 0 NA 0 0 0 NA NA 65 96 4 500000 NA NA 12 0 0 0 0.65798694 0.34201303 1.0 1.0 0.0773836 3.6918285 3.4196138 0.11620009 0.03678527 0.1282396 0.026927821 0.1251224 0.0773836 0.07343419 0.14378299 0.040437594 0.09713235 0.041550197 0.09300393 0.0773836 3.6918285 3.4196138 
29 4 2 "4" NA 0 0 1 0 NA 0 12 0 NA NA 62 96 4 500000 NA NA 12 12 1 0 0.6765089 0.3234911 1.0 1.0 0.09998439 3.3221533 3.077127 0.025470141 0.020123217 0.09998439 0.061121035 0.22905037 0.23024577 0.081964165 0.13422409 0.029067913 0.04518257 0.02087289 0.02269347 0.09998439 3.3221533 3.077127 
29 4 3 "4" NA 0 0 1 0 NA 0 12 0 NA NA 61 96 4 500000 NA NA 12 24 2 0 0.807091 0.19290899 1.0 1.0 0.013609568 6.199235 2.7915888 0.2411261 0.013609568 0.23282827 0.014800033 0.19127418 0.048570365 0.013345516 0.10777154 0.0027965244 0.02644394 0.004494142 0.102939814 0.013609568 6.199235 2.7915888 
29 4 4 "4" NA 0 0 1 0 NA 0 12 0 NA NA 67 96 4 500000 NA NA 12 36 3 0 0.9785931 0.021406937 0.99999994 0.99999994 0.001787803 9.127597 1.9518607 0.0037526165 0.077495724 0.63459456 0.01490568 0.046612073 0.0042079054 0.02100557 0.001787803 0.006942107 0.047155026 0.026901511 0.11463943 0.001787803 9.127597 1.9518607 
29 4 5 "4" NA 0 0 1 0 NA 0 12 0 NA NA 70 96 4 500000 NA NA 12 48 2 0 0.81192154 0.18807851 0.99999994 1.0 0.0045305076 7.7861114 2.8804595 0.07130088 0.0031320946 0.062346857 0.0027195131 0.16656195 0.09539278 0.15670447 0.28538203 0.0077375877 0.09999759 0.0045305076 0.044193666 0.0045305076 7.7861114 2.8804595 
29 4 6 "4" NA 0 0 1 0 NA 0 12 0 NA NA 63 96 4 500000 NA NA 12 60 2 0 0.6640457 0.33595428 1.0 0.99999994 0.053908385 4.2133465 3.3482192 0.10362591 0.08461795 0.056707907 0.053908385 0.012020216 0.022659808 0.062060665 0.08290336 0.14216745 0.13573419 0.17324436 0.07034983 0.053908385 4.2133465 3.3482192 
29 4 7 "4" NA 0 0 1 0 NA 0 12 0 NA NA 64 96 4 500000 NA NA 12 72 3 0 0.854825 0.14517504 1.0 1.0 0.035378247 4.8209934 2.9175508 0.013133859 0.17301941 0.057552923 0.14606652 0.035378247 0.1310745 0.026849674 0.014841512 0.037041526 0.007731981 0.050172325 0.3071375 0.035378247 4.8209934 2.9175508 
29 4 8 "4" NA 0 0 1 0 NA 0 12 0 NA NA 69 96 4 500000 NA NA 12 84 2 0 0.8521972 0.14780281 1.0 1.0 0.044570137 4.487779 2.8603802 0.10043552 0.010403401 0.27609506 0.015032212 0.1905819 0.13468587 0.082082115 0.12685248 0.004025172 0.044570137 0.0035293405 0.011706786 0.044570137 4.487779 2.8603802 
29 4 9 "4" NA 0 0 1 0 NA 0 12 0 NA NA 68 96 4 500000 NA NA 12 96 3 0 0.9184117 0.08158833 1.0 1.0 0.011729011 6.4137745 2.6299357 0.039188065 0.005520719 0.050741084 0.004639442 0.11310924 0.034045495 0.03336286 0.408818 0.011729011 0.16156921 0.008226503 0.1290504 0.011729011 6.4137745 2.6299357 
29 4 10 "4" NA 0 0 1 0 NA 0 12 0 NA NA 71 96 4 500000 NA NA 12 108 3 0 0.9880171 0.011982868 1.0 1.0 0.05760101 4.117762 1.9252743 0.0018990348 0.0116887875 0.0017810652 0.0040308763 0.02739557 0.0071304967 0.0610322 0.0045283395 0.17931655 0.60281074 0.040785275 0.05760101 0.05760101 4.117762 1.9252743 
29 4 11 "4" NA 0 0 1 0 NA 0 12 0 NA NA 66 96 4 500000 NA NA 12 120 3 0 0.7851611 0.21483898 1.0 1.0 0.008131036 6.942345 3.1501663 0.097878665 0.048122134 0.1322836 0.013026044 0.11059974 0.01899901 0.008131036 0.052968115 0.042059224 0.24660823 0.13261652 0.0967077 0.008131036 6.942345 3.1501663 
29 4 12 "4" NA 0 0 1 0 NA 0 12 0 NA NA 60 96 4 500000 NA NA 12 132 2 0 0.8662776 0.13372242 1.0 1.0 0.0061597405 7.342915 2.931128 0.0061597405 0.026304414 0.050488286 0.022266636 0.124584764 0.08894422 0.15374838 0.3521828 0.06695892 0.028005099 0.03611185 0.04424495 0.0061597405 7.342915 2.931128 
29 4 13 "4" NA 0 0 1 0 NA 0 12 0 NA NA 71 96 4 500000 NA NA 12 144 2 0 0.86547357 0.13452643 1.0 1.0 0.18220074 2.4563992 2.853106 0.2420183 0.027776439 0.1796632 0.0039299936 0.13196702 0.019156663 0.0052967235 0.08152604 0.0031157257 0.1096421 0.013707028 0.18220074 0.18220074 2.4563992 2.853106 
29 4 14 "4" NA 0 0 1 0 NA 0 12 0 NA NA 68 96 4 500000 NA NA 12 156 3 1 0.98459864 0.015401406 1.0 1.0 0.006469249 7.272186 1.9987087 0.15111098 0.006469249 0.05818014 0.006469249 0.022449989 0.010373425 0.008012762 0.04442321 0.006469249 0.6076515 0.0074480847 0.07094207 0.006469249 7.272186 1.9987087 
29 4 15 "4" NA 0 0 1 0 NA 0 12 0 NA NA 69 96 4 500000 NA NA 12 168 3 1 0.7782985 0.22170152 0.99999994 1.0 0.06978013 3.84104 3.171999 0.0151002575 0.06912064 0.014310803 0.028352171 0.110008836 0.05041458 0.21385753 0.030938441 0.1501322 0.06978013 0.18381241 0.064172074 0.06978013 3.84104 3.171999 
29 4 16 "4" NA 0 0 1 0 NA 0 12 0 NA NA 64 96 4 500000 NA NA 12 180 3 1 0.88813496 0.11186509 0.99999994 1.0 0.07365812 3.7630117 2.7736018 0.05196325 0.004370338 0.056725163 0.0041540177 0.07365812 0.036378086 0.036689803 0.29038638 0.013176313 0.25466436 0.016113738 0.16172044 0.07365812 3.7630117 2.7736018 
29 4 17 "4" NA 0 0 1 0 NA 0 12 0 NA NA 63 96 4 500000 NA NA 12 192 4 1 0.87489223 0.12510774 1.0 1.0 0.006956076 7.1675105 2.782479 0.21314365 0.004717238 0.22802407 0.006956076 0.20387672 0.10228441 0.08268915 0.10544382 0.0027337861 0.036463648 0.0021704377 0.01149709 0.006956076 7.1675105 2.782479 
29 4 18 "4" NA 0 0 1 0 NA 0 12 0 NA NA 70 96 4 500000 NA NA 12 204 2 1 0.85404193 0.14595808 1.0 1.0 0.034316685 4.864946 2.8696127 0.012856619 0.16941841 0.03758243 0.099603735 0.34440595 0.06883552 0.09063284 0.013134843 0.014368923 0.0076796813 0.034316685 0.10716429 0.034316685 4.864946 2.8696127 
29 4 19 "4" NA 0 0 1 0 NA 0 12 0 NA NA 67 96 4 500000 NA NA 12 216 3 1 0.95162225 0.04837771 1.0 1.0 0.0045688413 7.773956 2.3872056 0.014794716 0.040872235 0.005110742 0.10438025 0.0037688217 0.0061861156 0.053663205 0.0045688413 0.48014536 0.021998335 0.16165192 0.10285953 0.0045688413 7.773956 2.3872056 
29 4 20 "4" NA 0 0 1 0 NA 0 12 0 NA NA 61 96 4 500000 NA NA 12 228 2 1 0.9497901 0.05020993 1.0 1.0 8.1495603e-4 10.26099 2.4011846 0.039559335 8.1495603e-4 0.026958188 8.7161385e-4 0.047786687 0.4886872 0.039811455 0.10282807 0.0029617727 0.05910924 0.16800475 0.022606825 8.1495603e-4 10.26099 2.4011846 
29 4 21 "4" NA 0 0 1 0 NA 0 12 0 NA NA 62 96 4 500000 NA NA 12 240 2 1 0.90512663 0.09487338 1.0 1.0 0.051539257 4.2781844 2.6908426 0.017581549 0.3886718 0.051539257 0.06376854 0.012161396 0.019067025 0.08647739 0.010346638 0.031452835 0.014754947 0.082020596 0.22215801 0.051539257 4.2781844 2.6908426 
29 4 22 "4" NA 0 0 1 0 NA 0 12 0 NA NA 65 96 4 500000 NA NA 12 252 2 1 0.8639623 0.13603769 1.0 1.0 0.03129055 4.9981294 2.8164244 0.20367932 0.022498783 0.23237906 0.011343114 0.22981755 0.03129055 0.018167898 0.1162419 0.0032386153 0.03650092 0.005381523 0.08946075 0.03129055 4.9981294 2.8164244 
29 4 23 "4" NA 0 0 1 0 NA 0 12 0 NA NA 69 96 4 500000 NA NA 12 264 3 1 0.99062175 0.009378301 1.0 1.0 0.020184048 5.630641 1.8021752 0.005307916 0.002224753 0.07297702 0.01131888 0.67325693 0.09714927 0.023782633 0.05708251 0.0038120346 0.020184048 0.00234716 0.03055679 0.020184048 5.630641 1.8021752 
29 4 24 "4" NA 0 0 1 0 NA 0 12 0 NA NA 63 96 4 500000 NA NA 12 276 3 1 0.9139712 0.08602879 1.0 1.0 0.0030613714 8.351606 2.6051908 0.03811463 0.0032255522 0.19633895 0.0030613714 0.033196006 0.035855327 0.029073287 0.37361342 0.0099077225 0.1513694 0.007905461 0.11833882 0.0030613714 8.351606 2.6051908 
29 4 25 "4" NA 0 0 1 0 NA 0 12 0 NA NA 62 96 4 500000 NA NA 12 288 2 1 0.95417845 0.045821574 1.0 1.0 0.03659413 4.772244 2.3234024 0.0109458845 0.09149124 0.03659413 0.17467211 0.5184582 0.071955554 0.024322322 0.011305524 0.01230659 0.006155079 0.014965552 0.026827812 0.03659413 4.772244 2.3234024 
29 4 26 "4" NA 0 0 1 0 NA 0 12 0 NA NA 67 96 4 500000 NA NA 12 300 2 1 0.76894385 0.23105612 1.0 1.0 0.05931212 4.075529 3.1569219 0.13458605 0.08748088 0.15441129 0.2606148 0.08510761 0.05203403 0.04851091 0.05931212 0.002143847 0.031531207 0.047292244 0.03697497 0.05931212 4.075529 3.1569219 
29 4 27 "4" NA 0 0 1 0 NA 0 12 0 NA NA 66 96 4 500000 NA NA 12 312 3 1 0.83506167 0.1649384 1.0 1.0 0.092339374 3.4369102 2.9022815 0.08369374 0.003554907 0.07551525 0.0031585759 0.105663575 0.098145515 0.092339374 0.3221578 0.008201176 0.13310933 0.00539332 0.06906739 0.092339374 3.4369102 2.9022815 
29 4 28 "4" NA 0 0 1 0 NA 0 12 0 NA NA 61 96 4 500000 NA NA 12 324 3 1 0.96380234 0.03619766 1.0 1.0 0.0035258331 8.1478195 2.2022715 0.006644175 0.0035258331 0.034604374 0.003751359 0.43334344 0.016655514 0.08049676 0.31284675 0.008803538 0.074804835 0.0050162137 0.019507248 0.0035258331 8.1478195 2.2022715 
29 4 29 "4" NA 0 0 1 0 NA 0 12 0 NA NA 62 96 4 500000 NA NA 12 336 2 1 0.6855036 0.31449637 1.0 1.0 0.10751142 3.217438 3.3086402 0.034532852 0.18802361 0.10751142 0.11053844 0.027167166 0.037482146 0.12971468 0.03184071 0.05598729 0.030958254 0.1329153 0.11332813 0.10751142 3.217438 3.3086402 
29 4 30 "4" NA 0 0 1 0 NA 0 12 0 NA NA 71 96 4 500000 NA NA 12 348 3 2 0.78886676 0.21113324 0.99999994 0.99999994 0.15014988 2.7355247 2.9421809 0.1703127 0.024757909 0.20529765 0.013029017 0.19555585 0.047804095 0.019647196 0.12523192 0.003991515 0.037876084 0.0063462006 0.15014988 0.15014988 2.7355247 2.9421809 
29 4 31 "4" NA 0 0 1 0 NA 0 12 0 NA NA 64 96 4 500000 NA NA 12 360 4 1 0.9448989 0.055101067 1.0 1.0 0.016520947 5.9195595 2.3263757 0.18155187 0.003930395 0.41269046 6.986152e-4 0.016520947 6.4652594e-4 0.0026534288 0.11361884 0.0031168154 0.13832076 0.0054254504 0.12082588 0.016520947 5.9195595 2.3263757 
29 4 32 "4" NA 0 0 1 0 NA 0 12 0 NA NA 60 96 4 500000 NA NA 12 372 3 1 0.84307563 0.1569244 1.0 1.0 0.089030355 3.489559 2.828009 0.089030355 0.006947294 0.30851075 0.013690532 0.19064611 0.115896866 0.082838565 0.115755655 0.003924147 0.04966063 0.0031748863 0.01992429 0.089030355 3.489559 2.828009 
29 5 1 "5" NA 0 0 1 0 NA 0 0 0 NA NA 61 96 4 500000 NA NA 12 0 0 0 0.6577915 0.34220853 1.0 1.0 0.036841486 4.762525 3.4199681 0.116159 0.036841486 0.12820923 0.026999922 0.12508403 0.077378966 0.073433205 0.14372554 0.04046847 0.09712222 0.0415799 0.09299797 0.036841486 4.762525 3.4199681 
29 5 2 "5" NA 0 0 1 0 NA 0 12 0 NA NA 67 96 4 500000 NA NA 12 12 1 0 0.47882897 0.5211711 1.0 1.0 0.029427977 5.086668 3.1648703 0.041011192 0.32378906 0.07310058 0.08053857 0.033520445 0.04280924 0.09525804 0.029427977 0.0554145 0.03712985 0.09200987 0.09599066 0.029427977 5.086668 3.1648703 
29 5 3 "5" NA 0 0 1 0 NA 0 12 0 NA NA 65 96 4 500000 NA NA 12 24 2 0 0.6293445 0.37065545 1.0 1.0 0.077080056 3.6974988 3.0674636 0.07147246 0.010057952 0.055433825 0.005682489 0.12500353 0.077080056 0.11827147 0.29961455 0.012780116 0.092896864 0.08237592 0.049330696 0.077080056 3.6974988 3.0674636 
29 5 4 "5" NA 0 0 1 0 NA 0 12 0 NA NA 68 96 4 500000 NA NA 12 36 2 0 0.97937125 0.020628816 1.0 1.0 0.0041977414 7.8961706 1.9588802 0.008385213 0.0025294155 0.12090098 0.0139222685 0.60131294 0.13025452 0.019625993 0.06596888 0.0041977414 0.02407365 0.002598923 0.006229546 0.0041977414 7.8961706 1.9588802 
29 5 5 "5" NA 0 0 1 0 NA 0 12 0 NA NA 66 96 4 500000 NA NA 12 48 2 0 0.78549105 0.21450895 1.0 1.0 0.2348484 2.0901983 3.0690966 0.014526108 0.101703696 0.017570285 0.029591806 0.017489994 0.055306718 0.2348484 0.036034722 0.2005168 0.066034906 0.1678393 0.05853727 0.2348484 2.0901983 3.0690966 
29 5 6 "5" NA 0 0 1 0 NA 0 12 0 NA NA 62 96 4 500000 NA NA 12 60 3 0 0.7832114 0.21678853 1.0 1.0 0.013495481 6.2113795 3.0334494 0.00927461 0.09864493 0.013495481 0.05611077 0.047007564 0.28526688 0.1534042 0.08472512 0.13172309 0.014970345 0.08888242 0.01649452 0.013495481 6.2113795 3.0334494 
29 5 7 "5" NA 0 0 1 0 NA 0 12 0 NA NA 69 96 4 500000 NA NA 12 72 2 0 0.83219254 0.16780749 0.99999994 1.0 0.04561229 4.4544334 2.937095 0.17331882 0.033637095 0.2302033 0.013133971 0.19380689 0.028697794 0.032008 0.14176324 0.0033949474 0.04561229 0.0049289432 0.09949466 0.04561229 4.4544334 2.937095 
29 5 8 "5" NA 0 0 1 0 NA 0 12 0 NA NA 70 96 4 500000 NA NA 12 84 3 0 0.88374 0.11626004 1.0 1.0 0.009505874 6.7169647 2.7754166 0.056451287 0.0042638513 0.0776225 0.003995273 0.028862018 0.033636753 0.058914408 0.31899527 0.02694976 0.21505933 0.009505874 0.16574363 0.009505874 6.7169647 2.7754166 
29 5 9 "5" NA 0 0 1 0 NA 0 12 0 NA NA 64 96 4 500000 NA NA 12 96 2 0 0.7299745 0.27002546 0.99999994 1.0 0.011521595 6.439516 3.2662272 0.087738 0.089158826 0.040710915 0.033457626 0.011521595 0.03167047 0.07888796 0.04023226 0.18338984 0.11558723 0.19374444 0.09390088 0.011521595 6.439516 3.2662272 
29 5 10 "5" NA 0 0 1 0 NA 0 12 0 NA NA 63 96 4 500000 NA NA 12 108 2 0 0.87494504 0.12505499 1.0 1.0 0.010302487 6.6008635 2.811498 0.10441039 0.0071684853 0.28813154 0.010302487 0.18993069 0.13680363 0.07439756 0.1265816 0.004109262 0.04307607 0.0032981432 0.011790077 0.010302487 6.6008635 2.811498 
29 5 11 "5" NA 0 0 1 0 NA 0 12 0 NA NA 60 96 4 500000 NA NA 12 120 2 0 0.8547625 0.14523755 1.0 1.0 0.012696107 6.29947 2.9434896 0.012696107 0.17402725 0.03893552 0.10084282 0.31486535 0.070510164 0.09312215 0.013434723 0.014496267 0.0077433423 0.052986596 0.1063396 0.012696107 6.29947 2.9434896 
29 5 12 "5" NA 0 0 1 0 NA 0 12 0 NA NA 71 96 4 500000 NA NA 12 132 2 0 0.90800506 0.09199499 1.0 1.0 0.18274269 2.4521143 2.6679742 0.11744738 0.25597847 0.26144385 0.0020160787 0.062019754 0.0106228525 0.0027573523 0.048543047 0.0015802287 0.04737141 0.007476882 0.18274269 0.18274269 2.4521143 2.6679742 
29 5 13 "5" NA 0 0 1 0 NA 0 12 0 NA NA 63 96 4 500000 NA NA 12 144 3 0 0.97491366 0.025086397 1.0 1.0 0.005454481 7.5183425 2.1681721 0.12351918 0.005454481 0.4903102 0.005454481 0.01869821 0.008705717 0.00667833 0.03675178 0.0058631464 0.23387194 0.0062710796 0.05842147 0.005454481 7.5183425 2.1681721 
29 5 14 "5" NA 0 0 1 0 NA 0 12 0 NA NA 64 96 4 500000 NA NA 12 156 3 1 0.8656084 0.13439152 1.0 1.0 0.32184476 1.6355631 2.9101653 0.01874375 0.2167022 0.0496792 0.08157972 0.32184476 0.10316558 0.075313784 0.016911954 0.047979806 0.009679593 0.021078693 0.037321012 0.32184476 1.6355631 2.9101653 
29 5 15 "5" NA 0 0 1 0 NA 0 12 0 NA NA 70 96 4 500000 NA NA 12 168 4 1 0.84466314 0.15533687 1.0 1.0 0.0032898728 8.247753 2.9095805 0.09876159 0.009605287 0.24763125 0.015649725 0.17348067 0.121569574 0.13996868 0.12906761 0.004067892 0.04518796 0.0032898728 0.011719892 0.0032898728 8.247753 2.9095805 
29 5 16 "5" NA 0 0 1 0 NA 0 12 0 NA NA 69 96 4 500000 NA NA 12 180 2 1 0.8675502 0.13244985 1.0 1.0 0.22871378 2.1283848 2.8563733 0.02714942 0.06856352 0.010301982 0.027577149 0.009105212 0.0122610545 0.06632732 0.0098035885 0.17364998 0.22871378 0.106294386 0.26025262 0.22871378 2.1283848 2.8563733 
29 5 17 "5" NA 0 0 1 0 NA 0 12 0 NA NA 62 96 4 500000 NA NA 12 192 3 1 0.9270158 0.07298419 1.0 1.0 0.048228323 4.3739758 2.59376 0.05720285 0.006633093 0.048228323 0.0033508076 0.028739965 0.032993007 0.029780554 0.44000402 0.012829271 0.16760892 0.04278902 0.12984024 0.048228323 4.3739758 2.59376 
29 5 18 "5" NA 0 0 1 0 NA 0 12 0 NA NA 66 96 4 500000 NA NA 12 204 3 1 0.8938001 0.1061999 0.99999994 1.0 0.025168397 5.312243 2.7300172 0.18950771 0.017293978 0.32048583 0.008194626 0.18331976 0.028221985 0.025168397 0.10275505 0.0022405563 0.034482 0.0054871277 0.08284299 0.025168397 5.312243 2.7300172 
29 5 19 "5" NA 0 0 1 0 NA 0 12 0 NA NA 68 96 4 500000 NA NA 12 216 3 1 0.87773746 0.12226254 1.0 1.0 0.03869473 4.691719 2.807831 0.0039388402 0.021179587 0.033108562 0.013663095 0.1392217 0.04981828 0.16666357 0.28669706 0.03869473 0.21346603 0.022590026 0.010958446 0.03869473 4.691719 2.807831 
29 5 20 "5" NA 0 0 1 0 NA 0 12 0 NA NA 65 96 4 500000 NA NA 12 228 3 1 0.89426816 0.10573178 1.0 1.0 0.03910676 4.676438 2.7149987 0.008933643 0.046625745 0.005894497 0.016012067 0.01046471 0.03910676 0.16611654 0.013547039 0.12667464 0.3066318 0.22900787 0.030984635 0.03910676 4.676438 2.7149987 
29 5 21 "5" NA 0 0 1 0 NA 0 12 0 NA NA 67 96 4 500000 NA NA 12 240 3 1 0.99511707 0.0048829624 1.0 1.0 0.013306479 6.231727 1.6506708 0.001154321 0.0674909 0.008656341 0.026478682 0.029225154 0.10035233 0.70997566 0.013306479 0.023868984 0.0101732295 0.0083438875 9.740624e-4 0.013306479 6.231727 1.6506708 
29 5 22 "5" NA 0 0 1 0 NA 0 12 0 NA NA 61 96 4 500000 NA NA 12 252 2 1 0.7793864 0.22061364 1.0 1.0 0.0039467122 7.985133 3.039433 0.099836156 0.0039467122 0.07158709 0.0039467122 0.12695085 0.14914198 0.09482038 0.22208124 0.012321337 0.14941698 0.0075154616 0.058435127 0.0039467122 7.985133 3.039433 
29 5 23 "5" NA 0 0 1 0 NA 0 12 0 NA NA 69 96 4 500000 NA NA 12 264 2 1 0.81167424 0.18832572 1.0 1.0 0.019878786 5.6526265 3.0263643 0.022733796 0.28049728 0.14549571 0.07136991 0.016714899 0.02530304 0.09817426 0.017225277 0.0391897 0.019878786 0.092567116 0.17085025 0.019878786 5.6526265 3.0263643 
29 5 24 "5" NA 0 0 1 0 NA 0 12 0 NA NA 66 96 4 500000 NA NA 12 276 2 1 0.8560366 0.14396344 1.0 1.0 0.052430786 4.253442 2.8623714 0.04419055 0.004820048 0.17113616 0.004695179 0.031616814 0.033445813 0.052430786 0.29103026 0.012929612 0.1619861 0.03349115 0.15822761 0.052430786 4.253442 2.8623714 
29 5 25 "5" NA 0 0 1 0 NA 0 12 0 NA NA 68 96 4 500000 NA NA 12 288 3 1 0.98011076 0.019889254 1.0 1.0 0.005205242 7.585819 2.0252068 4.544574e-4 0.002226734 0.090581276 0.0018225384 0.08746988 0.006271005 0.5091461 0.24117805 0.005205242 0.042331807 0.0031611205 0.010151765 0.005205242 7.585819 2.0252068 
29 5 26 "5" NA 0 0 1 0 NA 0 12 0 NA NA 60 96 4 500000 NA NA 12 300 2 2 0.7971204 0.20287956 1.0 1.0 0.014473833 6.1104093 2.9463236 0.014473833 0.0655073 0.010253271 0.024348523 0.01710262 0.079025365 0.22199714 0.02176812 0.15789872 0.07609728 0.26767203 0.043855727 0.014473833 6.1104093 2.9463236 
29 5 27 "5" NA 0 0 1 0 NA 0 12 0 NA NA 65 96 4 500000 NA NA 12 312 3 1 0.9954141 0.004585896 1.0 1.0 0.003252633 8.264176 1.6040123 0.045321006 0.001232907 0.038981896 0.7205106 0.022505606 0.003252633 7.4209954e-4 0.01720461 4.0276567e-4 0.016763927 0.09312155 0.03996042 0.003252633 8.264176 1.6040123 
29 5 28 "5" NA 0 0 1 0 NA 0 12 0 NA NA 64 96 4 500000 NA NA 12 324 2 1 0.8961545 0.10384552 1.0 0.99999994 0.34901232 1.5186502 2.6755602 0.04580533 0.0047404566 0.1154404 0.020179173 0.34901232 0.1931608 0.031045403 0.16740151 0.008643967 0.04563595 0.0049758 0.013958864 0.34901232 1.5186502 2.6755602 
29 5 29 "5" NA 0 0 1 0 NA 0 12 0 NA NA 71 96 4 500000 NA NA 12 336 3 1 0.92378694 0.07621301 1.0 1.0 0.0062259953 7.32748 2.5256174 0.07856611 0.003427138 0.4050647 0.0060338997 0.1769343 0.1276961 0.04181179 0.107739106 0.0025016149 0.041933414 0.0020657536 0.0062259953 0.0062259953 7.32748 2.5256174 
29 5 30 "5" NA 0 0 1 0 NA 0 12 0 NA NA 60 96 4 500000 NA NA 12 348 3 1 0.9490621 0.050937902 1.0 1.0 0.5043002 0.9876454 2.3221328 0.5043002 0.018155731 0.061788168 0.0028242192 0.04444346 0.0024092062 0.004176948 0.036657225 0.017067965 0.15130304 0.02017706 0.13669682 0.5043002 0.9876454 2.3221328 
29 5 31 "5" NA 0 0 1 0 NA 0 12 0 NA NA 64 96 4 500000 NA NA 12 360 4 1 0.8537838 0.14621617 1.0 1.0 0.09541744 3.3896034 2.7387605 0.17990923 0.0072664707 0.18446016 0.0094749965 0.09541744 0.019473005 0.0053884136 0.07526295 0.002650268 0.112659365 0.011747903 0.29628983 0.09541744 3.3896034 2.7387605 
29 5 32 "5" NA 0 0 1 0 NA 0 12 0 NA NA 66 96 4 500000 NA NA 12 372 3 1 0.8720057 0.12799427 1.0 1.0 0.05953036 4.0702305 2.7657552 0.103807084 0.004809318 0.27439904 0.009396809 0.18914062 0.12789288 0.05953036 0.17613724 0.0027620397 0.039400164 0.0026658124 0.010058576 0.05953036 4.0702305 2.7657552 
29 6 1 "6" NA 0 0 1 0 NA 0 0 0 NA NA 67 96 4 500000 NA NA 12 0 0 0 0.6575986 0.34240136 1.0 1.0 0.14365856 2.799284 3.4202943 0.11613036 0.03687636 0.12815735 0.02704685 0.12505774 0.077389166 0.07346235 0.14365856 0.040519744 0.0971126 0.041609682 0.092979275 0.14365856 2.799284 3.4202943 
29 6 2 "6" NA 0 0 1 0 NA 0 12 0 NA NA 62 96 4 500000 NA NA 12 12 1 0 0.5892713 0.41072872 0.99999994 1.0 0.06849923 3.8677683 2.9464474 0.08690048 0.008413021 0.06849923 0.008117777 0.097350754 0.0933234 0.0873008 0.3482772 0.017338887 0.111079626 0.01198672 0.061412066 0.06849923 3.8677683 2.9464474 
29 6 3 "6" NA 0 0 1 0 NA 0 12 0 NA NA 69 96 4 500000 NA NA 12 24 2 0 0.6106604 0.38933957 0.99999994 1.0 0.044024095 4.505563 3.1454341 0.06956534 0.036350172 0.27706116 0.031464044 0.12037403 0.050923545 0.036350172 0.16650018 0.028831236 0.044024095 0.028831236 0.10972487 0.044024095 4.505563 3.1454341 
29 6 4 "6" NA 0 0 1 0 NA 0 12 0 NA NA 68 96 4 500000 NA NA 12 36 3 0 0.83977205 0.16022792 1.0 1.0 0.014892038 6.0693154 2.7382393 0.05621834 0.005285363 0.085766464 0.005285363 0.033867605 0.03617112 0.045718145 0.35193732 0.014892038 0.19932103 0.012757075 0.15278009 0.014892038 6.0693154 2.7382393 
29 6 5 "6" NA 0 0 1 0 NA 0 12 0 NA NA 66 96 4 500000 NA NA 12 48 3 0 0.99514526 0.0048547117 1.0 1.0 0.051075075 4.291237 1.5969046 0.0016481675 0.009600095 0.0014503133 0.0032852597 0.022719858 0.005937365 0.051075075 0.003712314 0.089570396 0.7185876 0.03380065 0.058612887 0.051075075 4.291237 1.5969046 
29 6 6 "6" NA 0 0 1 0 NA 0 12 0 NA NA 63 96 4 500000 NA NA 12 60 3 0 0.8641198 0.13588017 1.0 1.0 0.033883642 4.883267 2.8764484 0.0062832832 0.04482421 0.016362173 0.033883642 0.34526053 0.17301771 0.111014865 0.09150694 0.09011712 0.016729569 0.057785183 0.013214792 0.033883642 4.883267 2.8764484 
29 6 7 "6" NA 0 0 1 0 NA 0 12 0 NA NA 70 96 4 500000 NA NA 12 72 3 0 0.6821592 0.31784084 1.0 1.0 0.04802613 4.380037 3.3865411 0.04379668 0.16597998 0.098307654 0.13811727 0.074928485 0.1514329 0.086689964 0.04025108 0.058921978 0.02593627 0.04802613 0.06761163 0.04802613 4.380037 3.3865411 
29 6 8 "6" NA 0 0 1 0 NA 0 12 0 NA NA 60 96 4 500000 NA NA 12 84 4 0 0.9093181 0.090681955 1.0 1.0 0.017161133 5.8647118 2.6583652 0.017161133 0.045315728 0.0065385853 0.12126064 0.0049453555 0.0074591935 0.059151463 0.021261191 0.38474384 0.026535291 0.18280432 0.12282318 0.017161133 5.8647118 2.6583652 
29 6 9 "6" NA 0 0 1 0 NA 0 12 0 NA NA 64 96 4 500000 NA NA 12 96 2 0 0.8188818 0.18111813 1.0 1.0 0.045073632 4.4715724 2.9935067 0.14180183 0.16921656 0.23210655 0.0022193582 0.045073632 0.009240726 0.0029435055 0.055806726 0.024568224 0.085652925 0.15949842 0.07187161 0.045073632 4.4715724 2.9935067 
29 6 10 "6" NA 0 0 1 0 NA 0 12 0 NA NA 65 96 4 500000 NA NA 12 108 2 0 0.8892953 0.11070465 1.0 1.0 0.12287351 3.024754 2.741694 0.10527943 0.004674549 0.28058025 0.0085811475 0.18741077 0.12287351 0.059575472 0.1809457 0.0027560545 0.03623298 0.0023435391 0.0087465495 0.12287351 3.024754 2.741694 
29 6 11 "6" NA 0 0 1 0 NA 0 12 0 NA NA 71 96 4 500000 NA NA 12 120 3 0 0.94834787 0.051652126 1.0 1.0 0.007900328 6.9838715 2.4353638 0.00933675 0.0036960822 0.12566192 0.018324323 0.24975035 0.10398748 0.029539738 0.39669603 0.009783279 0.04138441 0.003939305 0.007900328 0.007900328 6.9838715 2.4353638 
29 6 12 "6" NA 0 0 1 0 NA 0 12 0 NA NA 61 96 4 500000 NA NA 12 132 3 0 0.8847189 0.11528114 1.0 1.0 0.073520616 3.7657073 2.809962 0.16589725 0.073520616 0.3261977 0.014622291 0.017586542 0.0044606337 0.0074503976 0.06466873 0.014363259 0.14245638 0.032689422 0.13608676 0.073520616 3.7657073 2.809962 
29 6 13 "6" NA 0 0 1 0 NA 0 12 0 NA NA 66 96 4 500000 NA NA 12 144 3 0 0.7876349 0.21236512 1.0 1.0 0.1082377 3.207725 3.1567974 0.026998397 0.15841144 0.09375893 0.09992389 0.020098714 0.032531243 0.1082377 0.015218487 0.055958364 0.021908823 0.23550777 0.13144617 0.1082377 3.207725 3.1567974 
29 6 14 "6" NA 0 0 1 0 NA 0 12 0 NA NA 64 96 4 500000 NA NA 12 156 3 1 0.81819814 0.18180178 1.0 1.0 0.012551822 6.3159595 2.9683108 0.0010295894 0.11462687 0.0036841184 0.10151108 0.012551822 0.09088596 0.18174964 0.020158585 0.18976746 0.0040762275 0.14882308 0.13113567 0.012551822 6.3159595 2.9683108 
29 6 15 "6" NA 0 0 1 0 NA 0 12 0 NA NA 60 96 4 500000 NA NA 12 168 2 1 0.86801153 0.13198839 1.0 1.0 0.100274414 3.3179746 2.8370519 0.100274414 0.0069144727 0.290188 0.013558082 0.18405662 0.13609524 0.08553409 0.11790536 0.004099334 0.04399032 0.0032843894 0.014099621 0.100274414 3.3179746 2.8370519 
29 6 16 "6" NA 0 0 1 0 NA 0 12 0 NA NA 70 96 4 500000 NA NA 12 180 3 1 0.8676385 0.13236149 1.0 1.0 0.0069450135 7.169807 2.781277 0.1995132 0.0049440973 0.15522514 0.001985019 0.15779886 0.02075871 0.0050614118 0.09879475 0.0015728235 0.18997256 0.0069450135 0.15742837 0.0069450135 7.169807 2.781277 
29 6 17 "6" NA 0 0 1 0 NA 0 12 0 NA NA 63 96 4 500000 NA NA 12 192 2 1 0.86385715 0.13614285 1.0 1.0 0.02239833 5.480465 2.8801098 0.10500325 0.07312005 0.00840247 0.02239833 0.0068433126 0.021059208 0.05367059 0.00799766 0.19311188 0.30919358 0.12726916 0.071930595 0.02239833 5.480465 2.8801098 
29 6 18 "6" NA 0 0 1 0 NA 0 12 0 NA NA 66 96 4 500000 NA NA 12 204 2 1 0.73020494 0.26979503 1.0 1.0 0.053820636 4.215697 3.2894452 0.031035848 0.19544724 0.08448448 0.15934011 0.07709262 0.15716842 0.053820636 0.029742725 0.052010424 0.018580934 0.077404715 0.0638718 0.053820636 4.215697 3.2894452 
29 6 19 "6" NA 0 0 1 0 NA 0 12 0 NA NA 68 96 4 500000 NA NA 12 216 2 1 0.7229395 0.2770606 1.0 1.0 0.0778776 3.6826477 3.2793062 0.010783698 0.060660157 0.03230715 0.07792947 0.13751608 0.15007699 0.17714936 0.15081552 0.0778776 0.03532723 0.044970784 0.044585988 0.0778776 3.6826477 3.2793062 
29 6 20 "6" NA 0 0 1 0 NA 0 12 0 NA NA 69 96 4 500000 NA NA 12 228 3 1 0.9613826 0.03861743 1.0 1.0 0.048496254 4.365983 2.2993605 0.0086007 0.04203382 0.0044894973 0.013383189 0.008359146 0.036155008 0.1537845 0.011130952 0.12201131 0.048496254 0.52446616 0.027089426 0.048496254 4.365983 2.2993605 
29 6 21 "6" NA 0 0 1 0 NA 0 12 0 NA NA 62 96 4 500000 NA NA 12 240 3 1 0.8775894 0.12241057 1.0 1.0 0.06467449 3.9506595 2.8046074 0.054965902 0.004664932 0.06467449 0.00474181 0.06813742 0.037978582 0.039025955 0.32235658 0.014765975 0.19034436 0.017578864 0.18076506 0.06467449 3.9506595 2.8046074 
29 6 22 "6" NA 0 0 1 0 NA 0 12 0 NA NA 67 96 4 500000 NA NA 12 252 4 1 0.85442954 0.1455705 1.0 1.0 0.2583873 1.9523929 2.854576 0.18894714 0.05344322 0.17682256 0.0079383105 0.153375 0.025315376 0.023883443 0.2583873 0.0022980622 0.033363108 0.005358143 0.07086838 0.2583873 1.9523929 2.854576 
29 6 23 "6" NA 0 0 1 0 NA 0 12 0 NA NA 65 96 4 500000 NA NA 12 264 4 1 0.8140915 0.18590859 1.0 1.0 0.103423044 3.2733705 2.9427147 0.07315483 0.0026556584 0.103318706 0.002633825 0.24178456 0.103423044 0.074876316 0.21115524 0.0068443227 0.10104249 0.0039542937 0.07515681 0.103423044 3.2733705 2.9427147 
29 6 24 "6" NA 0 0 1 0 NA 0 12 0 NA NA 66 96 4 500000 NA NA 12 276 4 1 0.9982219 0.0017781171 1.0 1.0 0.013685138 6.191246 1.3978442 0.0041255467 0.0016859125 0.072494864 0.009266774 0.75756234 0.081069395 0.013685138 0.04047308 0.0032382198 0.011392445 0.0017801094 0.0032262006 0.013685138 6.191246 1.3978442 
29 6 25 "6" NA 0 0 1 0 NA 0 12 0 NA NA 68 96 4 500000 NA NA 12 288 3 1 0.9430694 0.056930576 1.0 0.99999994 0.16433455 2.6052923 2.4408262 9.184918e-4 0.039181147 0.003992493 0.042726725 0.017092543 0.10954636 0.08801724 0.46551445 0.16433455 0.0067339977 0.05694968 0.004992322 0.16433455 2.6052923 2.4408262 
29 6 26 "6" NA 0 0 1 0 NA 0 12 0 NA NA 71 96 4 500000 NA NA 12 300 3 2 0.8613508 0.1386492 1.0 1.0 0.033478573 4.900618 2.7019858 0.010490364 0.05154422 0.005883034 0.021154275 0.010226005 0.06183465 0.20806016 0.013271053 0.16906801 0.06389791 0.3510917 0.033478573 0.033478573 4.900618 2.7019858 
29 6 27 "6" NA 0 0 1 0 NA 0 12 0 NA NA 64 96 4 500000 NA NA 12 312 4 1 0.85156465 0.1484353 1.0 1.0 0.022917276 5.4474206 2.9109304 0.09272067 0.04546388 0.04997268 0.054855198 0.022917276 0.013412077 0.01150375 0.04555009 0.07356841 0.111878626 0.39466524 0.08349204 0.022917276 5.4474206 2.9109304 
29 6 28 "6" NA 0 0 1 0 NA 0 12 0 NA NA 62 96 4 500000 NA NA 12 324 3 1 0.81299853 0.18700145 0.99999994 1.0 0.24676494 2.0187907 2.9386556 0.1150632 0.0070092035 0.24676494 0.012457065 0.1949599 0.14116128 0.075317785 0.111589745 0.00441039 0.042569663 0.0038027936 0.044894077 0.24676494 2.0187907 2.9386556 
29 6 29 "6" NA 0 0 1 0 NA 0 12 0 NA NA 70 96 4 500000 NA NA 12 336 3 1 0.9077836 0.09221639 1.0 1.0 0.0020833716 8.906864 2.577482 0.32682425 0.013093304 0.24222216 0.0031633019 0.15918201 0.02547978 0.009310853 0.101260185 8.4753276e-4 0.035729744 0.0020833716 0.08080346 0.0020833716 8.906864 2.577482 
29 6 30 "6" NA 0 0 1 0 NA 0 12 0 NA NA 69 96 4 500000 NA NA 12 348 3 1 0.843007 0.15699294 1.0 1.0 0.06825031 3.8730204 2.8836527 0.13023666 0.053155024 0.009130364 0.02780083 0.0073871785 0.03165401 0.055767313 0.008401318 0.25560674 0.06825031 0.27269217 0.079918124 0.06825031 3.8730204 2.8836527 
29 6 31 "6" NA 0 0 1 0 NA 0 12 0 NA NA 63 96 4 500000 NA NA 12 360 3 1 0.8269822 0.17301776 1.0 1.0 0.004819657 7.6968536 2.9840186 0.060668726 0.074069545 0.06766427 0.004819657 0.033895474 0.03710595 0.03532396 0.33103696 0.019628268 0.16349342 0.04641133 0.12588246 0.004819657 7.6968536 2.9840186 
29 6 32 "6" NA 0 0 1 0 NA 0 12 0 NA NA 61 96 4 500000 NA NA 12 372 2 1 0.8440079 0.15599208 1.0 1.0 0.10578517 3.2407908 2.8814514 0.017737484 0.10578517 0.13582198 0.15204252 0.3456133 0.08946151 0.0424139 0.017395386 0.018767757 0.01045918 0.026846638 0.037655234 0.10578517 3.2407908 2.8814514 
