dataset.id melody.id note.id melody.name vertint12 articulation comma voice ornament dyn phrase bioi deltast accidental mpitch cpitch barlength pulses tempo mode keysig dur onset cpitch.order.ltm.cpitch cpitch.order.stm.cpitch cpitch.weight.ltm cpitch.weight.stm cpitch.weight.ltm.cpitch cpitch.weight.stm.cpitch cpitch.probability cpitch.information.content cpitch.entropy cpitch.60 cpitch.61 cpitch.62 cpitch.63 cpitch.64 cpitch.65 cpitch.66 cpitch.67 cpitch.68 cpitch.69 cpitch.70 cpitch.71 probability information.content entropy 
29 1 1 "1" NA 0 0 1 0 NA 0 0 0 NA NA 60 96 4 500000 NA NA 12 0 0 0 0.5001398 0.4998602 1.0 1.0 0.08289185 3.5926256 3.584785 0.08289185 0.08253161 0.082371 0.082210064 0.082371 0.08360767 0.084238864 0.08384492 0.083330035 0.08392386 0.083647266 0.08498231 0.08289185 3.5926256 3.584785 
29 1 2 "1" NA 0 0 1 0 NA 0 12 0 NA NA 66 96 4 500000 NA NA 12 12 1 0 0.27941883 0.7205812 1.0 1.0 0.076634414 3.705864 3.4874678 0.20083511 0.07628982 0.075410284 0.073567264 0.070556805 0.073567264 0.076634414 0.0674125 0.071185514 0.07076798 0.07097754 0.07279555 0.076634414 3.705864 3.4874678 
29 1 3 "1" NA 0 0 1 0 NA 0 12 0 NA NA 68 96 4 500000 NA NA 12 24 2 0 0.3293531 0.6706469 1.0 1.0 0.07539365 3.7294133 3.4682744 0.16859974 0.06349952 0.06664077 0.065627515 0.073808 0.06857816 0.16134557 0.06349952 0.07539365 0.06762359 0.06664077 0.058743287 0.07539365 3.7294133 3.4682744 
29 1 4 "1" NA 0 0 1 0 NA 0 12 0 NA NA 70 96 4 500000 NA NA 12 36 3 0 0.53530604 0.46469387 1.0 1.0 0.055639498 4.1677465 3.5033848 0.104607336 0.07714581 0.13107997 0.056711312 0.08973551 0.06027325 0.12001002 0.07129358 0.050234728 0.058971383 0.055639498 0.12429754 0.055639498 4.1677465 3.5033848 
29 1 5 "1" NA 0 0 1 0 NA 0 12 0 NA NA 62 96 4 500000 NA NA 12 48 3 0 0.7456458 0.2543542 1.0 1.0 0.063143626 3.9852192 3.288848 0.06981345 0.28820118 0.063143626 0.063143626 0.08328092 0.062917136 0.08613112 0.07744303 0.052742723 0.078811295 0.024887474 0.04948444 0.063143626 3.9852192 3.288848 
29 1 6 "1" NA 0 0 1 0 NA 0 12 0 NA NA 64 96 4 500000 NA NA 12 60 3 0 0.4994744 0.50052565 1.0 1.0 0.08517157 3.5534842 3.541308 0.1106673 0.059722573 0.04773383 0.09808472 0.08517157 0.08263846 0.101570636 0.06318344 0.10904012 0.06628457 0.10106085 0.074841924 0.08517157 3.5534842 3.541308 
29 1 7 "1" NA 0 0 1 0 NA 0 12 0 NA NA 69 96 4 500000 NA NA 12 72 4 0 0.92558074 0.07441919 1.0 1.0 0.024662986 5.341509 2.6270604 0.090649396 0.042582892 0.027285933 0.4866337 0.008369875 0.02895669 0.029496357 0.12157609 0.038788024 0.024662986 0.05914989 0.041848183 0.024662986 5.341509 2.6270604 
29 1 8 "1" NA 0 0 1 0 NA 0 12 0 NA NA 65 96 4 500000 NA NA 12 84 3 0 0.6375449 0.3624551 1.0 1.0 0.063183844 3.9843004 3.5005565 0.08276922 0.063183844 0.080106296 0.05625025 0.06289162 0.063183844 0.0853843 0.16870499 0.080106296 0.06289162 0.07179338 0.12273436 0.063183844 3.9843004 3.5005565 
29 1 9 "1" NA 0 0 1 0 NA 0 12 0 NA NA 63 96 4 500000 NA NA 12 96 3 0 0.6824506 0.31754944 0.99999994 1.0 0.060299255 4.051716 3.397972 0.05927947 0.062063467 0.120323636 0.060299255 0.08631055 0.032150783 0.1950965 0.14455281 0.07312704 0.04543105 0.052806266 0.06855914 0.060299255 4.051716 3.397972 
29 1 10 "1" NA 0 0 1 0 NA 0 12 0 NA NA 71 96 4 500000 NA NA 12 108 3 0 0.55643904 0.44356093 1.0 1.0 0.07060475 3.824091 3.5327177 0.09764514 0.06676322 0.091632366 0.032656852 0.12919559 0.089987524 0.08700252 0.09115346 0.077509336 0.08547901 0.08037027 0.07060475 0.07060475 3.824091 3.5327177 
29 1 11 "1" NA 0 0 1 0 NA 0 12 0 NA NA 67 96 4 500000 NA NA 12 120 3 0 0.6652561 0.3347439 1.0 1.0 0.065837204 3.924953 3.441468 0.071885906 0.07539448 0.0676049 0.044902593 0.061757866 0.0699864 0.058779623 0.065837204 0.113840096 0.12066932 0.19771999 0.051621713 0.065837204 3.924953 3.441468 
29 1 12 "1" NA 0 0 1 0 NA 0 12 0 NA NA 61 96 4 500000 NA NA 12 132 3 0 0.5987516 0.4012484 1.0 1.0 0.05373628 4.21796 3.5131598 0.080891475 0.05373628 0.070774645 0.08508135 0.06421214 0.06644776 0.11864759 0.061923094 0.08877368 0.14700618 0.107821986 0.05468387 0.05373628 4.21796 3.5131598 
29 1 13 "1" NA 0 0 1 0 NA 0 12 0 NA NA 71 96 4 500000 NA NA 12 144 3 0 0.6134141 0.3865859 1.0 1.0 0.08012235 3.6416514 3.5070727 0.1486591 0.05646238 0.07577372 0.14574617 0.0712617 0.06893702 0.06893702 0.06164269 0.06656185 0.08012235 0.07577372 0.08012235 0.08012235 3.6416514 3.5070727 
29 1 14 "1" NA 0 0 1 0 NA 0 12 0 NA NA 63 96 4 500000 NA NA 12 156 3 1 0.60484105 0.39515886 1.0 1.0 0.10965532 3.1889522 3.5012836 0.0796486 0.051272564 0.06361742 0.10965532 0.071034305 0.124634385 0.080641285 0.0836814 0.14535163 0.049025092 0.0901655 0.051272564 0.10965532 3.1889522 3.5012836 
29 1 15 "1" NA 0 0 1 0 NA 0 12 0 NA NA 65 96 4 500000 NA NA 12 168 4 1 0.8893649 0.110635065 1.0 1.0 0.07780824 3.6839335 2.8520136 0.03511635 0.047136273 0.43405023 0.0097069265 0.092438206 0.07780824 0.043279424 0.08271591 0.06350675 0.04110921 0.042796075 0.030336378 0.07780824 3.6839335 2.8520136 
29 1 16 "1" NA 0 0 1 0 NA 0 12 0 NA NA 69 96 4 500000 NA NA 12 180 4 1 0.8671069 0.13289301 1.0 1.0 0.062276367 4.0051713 2.9486895 0.048443507 0.14568062 0.043360684 0.030211678 0.39234897 0.031440437 0.050787255 0.029301351 0.07815393 0.062276367 0.032898255 0.055096954 0.062276367 4.0051713 2.9486895 
29 1 17 "1" NA 0 0 1 0 NA 0 12 0 NA NA 64 96 4 500000 NA NA 12 192 4 1 0.9231118 0.07688819 1.0 1.0 0.031856146 4.9722843 2.6457605 0.033504456 0.036229186 0.031017683 0.03628697 0.031856146 0.033104345 0.039508574 0.048815113 0.040490177 0.015424963 0.45433697 0.19942532 0.031856146 4.9722843 2.6457605 
29 1 18 "1" NA 0 0 1 0 NA 0 12 0 NA NA 62 96 4 500000 NA NA 12 204 3 1 0.5617996 0.43820035 1.0 1.0 0.08204871 3.6073756 3.5218363 0.086383 0.11644633 0.08204871 0.11009996 0.024895273 0.079043 0.07506405 0.082744814 0.09168016 0.07035384 0.07431252 0.106928304 0.08204871 3.6073756 3.5218363 
29 1 19 "1" NA 0 0 1 0 NA 0 12 0 NA NA 70 96 4 500000 NA NA 12 216 3 1 0.6995626 0.30043742 0.99999994 1.0 0.06342443 3.9788177 3.350156 0.042364497 0.049160045 0.014448667 0.12100215 0.050512463 0.06341861 0.16283827 0.09763467 0.18601818 0.07714059 0.06342443 0.07203755 0.06342443 3.9788177 3.350156 
29 1 20 "1" NA 0 0 1 0 NA 0 12 0 NA NA 68 96 4 500000 NA NA 12 228 3 1 0.63093114 0.36906886 1.0 1.0 0.17610224 2.5055149 3.477767 0.09972261 0.056942955 0.07183022 0.063560694 0.063560694 0.06750012 0.06462875 0.08933448 0.17610224 0.12778893 0.050752353 0.06827594 0.17610224 2.5055149 3.477767 
29 1 21 "1" NA 0 0 1 0 NA 0 12 0 NA NA 66 96 4 500000 NA NA 12 240 4 1 0.88826406 0.11173588 0.99999994 1.0 0.023736777 5.396732 2.8059046 0.07946749 0.03480199 0.03688974 0.038446028 0.03688974 0.044595975 0.023736777 0.23776357 0.025732975 0.3748673 0.032006472 0.03480199 0.023736777 5.396732 2.8059046 
29 1 22 "1" NA 0 0 1 0 NA 0 12 0 NA NA 60 96 4 500000 NA NA 12 252 3 1 0.7241648 0.27583528 1.0 1.0 0.06506273 3.9420247 3.341639 0.06506273 0.058509372 0.06563991 0.27390608 0.04893831 0.080843344 0.051445484 0.081447214 0.06064077 0.080843344 0.07874203 0.053981487 0.06506273 3.9420247 3.341639 
29 1 23 "1" NA 0 0 1 0 NA 0 12 0 NA NA 64 96 4 500000 NA NA 12 264 3 1 0.4920539 0.5079461 1.0 1.0 0.117449656 3.0898857 3.5575018 0.06494822 0.08863592 0.07424692 0.070679106 0.117449656 0.068823546 0.1118677 0.07128101 0.07248568 0.07819764 0.09897629 0.08240838 0.117449656 3.0898857 3.5575018 
29 1 24 "1" NA 0 0 1 0 NA 0 12 0 NA NA 63 96 4 500000 NA NA 12 276 4 1 0.8492181 0.15078199 1.0 1.0 0.2530807 1.9823307 2.9057355 0.028395358 0.034197606 0.04701469 0.2530807 0.027290398 0.13003716 0.036802337 0.0325773 0.036802337 0.3077087 0.035150766 0.030942546 0.2530807 1.9823307 2.9057355 
29 1 25 "1" NA 0 0 1 0 NA 0 12 0 NA NA 70 96 4 500000 NA NA 12 288 4 1 0.93836975 0.061630256 1.0 1.0 0.024103962 5.3745856 2.5120625 0.017761083 0.027544145 0.058375206 0.5312731 0.038807914 0.030658154 0.11254949 0.063566156 0.024103962 0.026608836 0.024103962 0.044647917 0.024103962 5.3745856 2.5120625 
29 1 26 "1" NA 0 0 1 0 NA 0 12 0 NA NA 68 96 4 500000 NA NA 12 300 3 1 0.5355663 0.46443376 1.0 0.99999994 0.11033888 3.1799867 3.484301 0.076539345 0.06241304 0.17817567 0.06415065 0.07911021 0.06299654 0.07069781 0.08761394 0.11033888 0.07069781 0.040389955 0.09687612 0.11033888 3.1799867 3.484301 
29 1 27 "1" NA 0 0 1 0 NA 0 12 0 NA NA 62 96 4 500000 NA NA 12 312 3 2 0.38930973 0.6106903 1.0 1.0 0.08354196 3.5813553 3.5106664 0.086752005 0.06652551 0.08354196 0.083837956 0.07189279 0.07110689 0.14625488 0.057437718 0.055878863 0.08256839 0.13676524 0.057437718 0.08354196 3.5813553 3.5106664 
29 1 28 "1" NA 0 0 1 0 NA 0 12 0 NA NA 67 96 4 500000 NA NA 12 324 4 1 0.9490768 0.050923217 1.0 1.0 0.02427383 5.3644543 2.4180722 0.1066039 0.030631801 0.023389453 0.040098775 0.031020582 0.033463612 0.56202984 0.02427383 0.023206567 0.023206567 0.052435644 0.04963946 0.02427383 5.3644543 2.4180722 
29 1 29 "1" NA 0 0 1 0 NA 0 12 0 NA NA 69 96 4 500000 NA NA 12 336 3 1 0.8276387 0.17236134 1.0 1.0 0.054288514 4.2032094 3.0401 0.057112608 0.04863177 0.02685101 0.043405544 0.04844684 0.06304783 0.19834957 0.014066727 0.050840255 0.054288514 0.0703806 0.32457867 0.054288514 4.2032094 3.0401 
29 1 30 "1" NA 0 0 1 0 NA 0 12 0 NA NA 61 96 4 500000 NA NA 12 348 3 1 0.5302318 0.46976817 1.0 1.0 0.053415906 4.226587 3.442723 0.07354702 0.053415906 0.0581009 0.122507416 0.14343466 0.17437164 0.06481336 0.08117458 0.06612341 0.052747082 0.06616509 0.043598987 0.053415906 4.226587 3.442723 
29 1 31 "1" NA 0 0 1 0 NA 0 12 0 NA NA 65 96 4 500000 NA NA 12 360 3 1 0.9001793 0.099820614 1.0 1.0 0.033838794 4.885178 2.6653993 0.047941487 0.009822431 0.4358984 0.21009625 0.029121302 0.033838794 0.03862071 0.039549664 0.029859236 0.024278184 0.043824427 0.05714916 0.033838794 4.885178 2.6653993 
29 1 32 "1" NA 0 0 1 0 NA 0 12 0 NA NA 71 96 4 500000 NA NA 12 372 3 1 0.637751 0.36224905 1.0 0.99999994 0.046453856 4.428058 3.3444362 0.046220798 0.042054556 0.14540423 0.17572702 0.07271493 0.019872066 0.16552229 0.062240165 0.06916152 0.09740035 0.057228226 0.046453856 0.046453856 4.428058 3.3444362 
29 2 1 "2" NA 0 0 1 0 NA 0 0 0 NA NA 62 96 4 500000 NA NA 12 0 0 0 0.50013894 0.4998611 1.0 1.0 0.0823868 3.601443 3.5847855 0.08286639 0.082506955 0.0823868 0.08222631 0.0823868 0.08362013 0.08421042 0.083817355 0.08334324 0.08393547 0.08365961 0.084991105 0.0823868 3.601443 3.5847855 
29 2 2 "2" NA 0 0 1 0 NA 0 12 0 NA NA 70 96 4 500000 NA NA 12 12 1 0 0.2778755 0.7221245 1.0 1.0 0.07453243 3.745988 3.486014 0.07471513 0.06794638 0.20197502 0.07471513 0.07434856 0.07244123 0.07184279 0.070180215 0.07525637 0.071231104 0.07453243 0.0708156 0.07453243 3.745988 3.486014 
29 2 3 "2" NA 0 0 1 0 NA 0 12 0 NA NA 69 96 4 500000 NA NA 12 24 2 0 0.32043722 0.6795628 1.0 1.0 0.06986971 3.839189 3.4643195 0.07075336 0.06288875 0.16897888 0.06504821 0.06504821 0.06706549 0.06706549 0.0639878 0.06504821 0.06986971 0.16528411 0.06896171 0.06986971 3.839189 3.4643195 
29 2 4 "2" NA 0 0 1 0 NA 0 12 0 NA NA 61 96 4 500000 NA NA 12 36 3 0 0.4551126 0.54488736 1.0 1.0 0.07674026 3.7038727 3.552065 0.09120593 0.07674026 0.1201024 0.0904256 0.062287357 0.077148095 0.061662856 0.080743395 0.055331845 0.08445981 0.09989133 0.10000105 0.07674026 3.7038727 3.552065 
29 2 5 "2" NA 0 0 1 0 NA 0 12 0 NA NA 60 96 4 500000 NA NA 12 48 4 0 0.74664634 0.25335363 1.0 1.0 0.059935737 4.06044 3.228711 0.059935737 0.020888655 0.17597775 0.050180007 0.03891234 0.08147167 0.05009663 0.08475522 0.05914922 0.043436524 0.07089358 0.26430273 0.059935737 4.06044 3.228711 
29 2 6 "2" NA 0 0 1 0 NA 0 12 0 NA NA 71 96 4 500000 NA NA 12 60 3 0 0.5247017 0.4752983 1.0 1.0 0.07176814 3.8005126 3.5533555 0.10174304 0.07609264 0.11125147 0.12380702 0.07298017 0.076511644 0.06693898 0.07298017 0.064289734 0.07609264 0.085544385 0.07176814 0.07176814 3.8005126 3.5533555 
29 2 7 "2" NA 0 0 1 0 NA 0 12 0 NA NA 65 96 4 500000 NA NA 12 72 4 0 0.8320533 0.16794671 1.0 1.0 0.05542671 4.173275 3.0713987 0.038183503 0.1413754 0.044438437 0.15093227 0.043179184 0.05542671 0.037717875 0.32590216 0.033987463 0.052513663 0.040289987 0.036053278 0.05542671 4.173275 3.0713987 
29 2 8 "2" NA 0 0 1 0 NA 0 12 0 NA NA 63 96 4 500000 NA NA 12 84 3 0 0.50877005 0.49122992 1.0 1.0 0.08293909 3.591804 3.5749307 0.07550946 0.08556573 0.102853134 0.08293909 0.07513794 0.08056022 0.06331605 0.08146636 0.096222796 0.09030324 0.08556573 0.08056022 0.08293909 3.591804 3.5749307 
29 2 9 "2" NA 0 0 1 0 NA 0 12 0 NA NA 66 96 4 500000 NA NA 12 96 4 0 0.6311924 0.3688076 1.0 1.0 0.067059614 3.898412 3.4558616 0.10572763 0.06923266 0.07090169 0.02597179 0.083916664 0.08238662 0.067059614 0.07603979 0.058822326 0.19027372 0.09469004 0.074977525 0.067059614 3.898412 3.4558616 
29 2 10 "2" NA 0 0 1 0 NA 0 12 0 NA NA 64 96 4 500000 NA NA 12 108 3 0 0.72040606 0.27959397 1.0 1.0 0.13939224 2.8427777 3.3433225 0.05598885 0.22170112 0.05096912 0.04088611 0.13939224 0.095487975 0.036788173 0.042016 0.08278956 0.05664338 0.05571348 0.12162391 0.13939224 2.8427777 3.3433225 
29 2 11 "2" NA 0 0 1 0 NA 0 12 0 NA NA 68 96 4 500000 NA NA 12 120 4 0 0.6471833 0.35281667 1.0 1.0 0.111636 3.163126 3.4713972 0.071534686 0.1053294 0.07115152 0.069607414 0.023733743 0.07788733 0.06646157 0.1694296 0.111636 0.087436214 0.0825601 0.063232355 0.111636 3.163126 3.4713972 
29 2 12 "2" NA 0 0 1 0 NA 0 12 0 NA NA 67 96 4 500000 NA NA 12 132 4 0 0.7428165 0.2571835 1.0 1.0 0.09437966 3.4053802 3.3189707 0.08649006 0.25943127 0.05627564 0.10082705 0.038313415 0.05387243 0.0794901 0.09437966 0.02595137 0.084990636 0.072733015 0.047245286 0.09437966 3.4053802 3.3189707 
29 2 13 "2" NA 0 0 1 0 NA 0 12 0 NA NA 64 96 4 500000 NA NA 12 144 4 0 0.5845207 0.4154793 1.0 1.0 0.06028596 4.052034 3.5282085 0.11317721 0.077203736 0.07067205 0.12668592 0.06028596 0.06868503 0.07151156 0.053395674 0.07151156 0.12798035 0.08435932 0.07453175 0.06028596 4.052034 3.5282085 
29 2 14 "2" NA 0 0 1 0 NA 0 12 0 NA NA 66 96 4 500000 NA NA 12 156 3 1 0.53606874 0.46393123 1.0 1.0 0.083651245 3.579469 3.5370095 0.08116693 0.11246539 0.087767795 0.07636915 0.03254572 0.078615 0.083651245 0.08044497 0.1185987 0.07169629 0.08538735 0.09129142 0.083651245 3.579469 3.5370095 
29 2 15 "2" NA 0 0 1 0 NA 0 12 0 NA NA 63 96 4 500000 NA NA 12 168 3 1 0.6760153 0.32398465 1.0 1.0 0.19734728 2.3411913 3.4264305 0.056665063 0.0862354 0.11758958 0.19734728 0.059093893 0.06489784 0.0489733 0.06489784 0.047811463 0.13074233 0.06489784 0.06084826 0.19734728 2.3411913 3.4264305 
29 2 16 "2" NA 0 0 1 0 NA 0 12 0 NA NA 65 96 4 500000 NA NA 12 180 4 1 0.93503267 0.06496725 1.0 1.0 0.26068422 1.9396248 2.5486717 0.027288739 0.035711266 0.021162003 0.017518505 0.029711543 0.26068422 0.018254818 0.021162003 0.09046955 0.032120686 0.41984493 0.026071785 0.26068422 1.9396248 2.5486717 
29 2 17 "2" NA 0 0 1 0 NA 0 12 0 NA NA 71 96 4 500000 NA NA 12 192 5 1 0.97672695 0.023273043 1.0 1.0 0.024349013 5.3599925 2.1330547 0.06359893 0.59292686 0.14445198 0.01131902 0.02598789 0.012814961 0.01197985 0.011955615 0.0684039 0.018590806 0.0136211645 0.024349013 0.024349013 5.3599925 2.1330547 
29 2 18 "2" NA 0 0 1 0 NA 0 12 0 NA NA 60 96 4 500000 NA NA 12 204 3 1 0.6523133 0.34768665 1.0 1.0 0.056870494 4.1361756 3.449914 0.056870494 0.1633842 0.11564361 0.0525526 0.074596785 0.061776422 0.05038609 0.15320086 0.09060561 0.06801958 0.06257764 0.05038609 0.056870494 4.1361756 3.449914 
29 2 19 "2" NA 0 0 1 0 NA 0 12 0 NA NA 61 96 4 500000 NA NA 12 216 3 1 0.55381584 0.44618425 1.0 1.0 0.07765803 3.6867213 3.5289955 0.032401763 0.07765803 0.07831134 0.092904516 0.12280542 0.077154234 0.085409075 0.115269504 0.07119865 0.07289413 0.07399715 0.09999624 0.07765803 3.6867213 3.5289955 
29 2 20 "2" NA 0 0 1 0 NA 0 12 0 NA NA 69 96 4 500000 NA NA 12 228 3 1 0.66923106 0.330769 1.0 1.0 0.14395417 2.7963185 3.3980165 0.1353114 0.043400265 0.05381072 0.055948503 0.05189847 0.19527033 0.053960286 0.06465946 0.06291691 0.14395417 0.06291691 0.07595254 0.14395417 2.7963185 3.3980165 
29 2 21 "2" NA 0 0 1 0 NA 0 12 0 NA NA 70 96 4 500000 NA NA 12 240 4 1 0.8556778 0.14432216 0.99999994 0.99999994 0.05383972 4.215185 2.989052 0.04151748 0.041958433 0.03653725 0.10335379 0.06428568 0.084969535 0.051056318 0.04995573 0.39659736 0.02010336 0.05383972 0.055825338 0.05383972 4.215185 2.989052 
29 2 22 "2" NA 0 0 1 0 NA 0 12 0 NA NA 62 96 4 500000 NA NA 12 252 3 1 0.5344906 0.46550938 1.0 1.0 0.067161575 3.8962202 3.5334997 0.05943542 0.063297406 0.067161575 0.065153286 0.09652277 0.057420135 0.09742422 0.12113131 0.07317128 0.12028972 0.0732686 0.10572437 0.067161575 3.8962202 3.5334997 
29 2 23 "2" NA 0 0 1 0 NA 0 12 0 NA NA 67 96 4 500000 NA NA 12 264 3 1 0.49900004 0.5009999 1.0 1.0 0.067144156 3.8965943 3.5322735 0.09799663 0.07792949 0.03622307 0.08600802 0.07909802 0.07409179 0.09216849 0.067144156 0.10501486 0.07681445 0.13213643 0.075374655 0.067144156 3.8965943 3.5322735 
29 2 24 "2" NA 0 0 1 0 NA 0 12 0 NA NA 63 96 4 500000 NA NA 12 276 3 1 0.5734056 0.42659435 1.0 1.0 0.060443375 4.048272 3.474569 0.12608576 0.11500097 0.043334804 0.060443375 0.10749507 0.12972936 0.063234545 0.02829897 0.06266626 0.10271378 0.08448454 0.0765126 0.060443375 4.048272 3.474569 
29 2 25 "2" NA 0 0 1 0 NA 0 12 0 NA NA 64 96 4 500000 NA NA 12 288 3 1 0.6356617 0.36433828 1.0 1.0 0.15210338 2.7168758 3.4194505 0.14554961 0.061376903 0.075835064 0.019000383 0.15210338 0.11697916 0.09694097 0.045055736 0.0470309 0.06448857 0.10563834 0.07000086 0.15210338 2.7168758 3.4194505 
29 2 26 "2" NA 0 0 1 0 NA 0 12 0 NA NA 65 96 4 500000 NA NA 12 300 4 1 0.7719293 0.22807066 1.0 1.0 0.0795327 3.6523082 3.2302656 0.079290874 0.31229016 0.08763169 0.040121038 0.038130265 0.0795327 0.07982054 0.04021604 0.0652155 0.042270314 0.07661627 0.058864567 0.0795327 3.6523082 3.2302656 
29 2 27 "2" NA 0 0 1 0 NA 0 12 0 NA NA 71 96 4 500000 NA NA 12 312 4 1 0.7997866 0.20021336 1.0 1.0 0.062295623 4.0047255 3.0644584 0.039200258 0.09280499 0.044975903 0.21945958 0.037228186 0.036839213 0.035229597 0.052401237 0.0370062 0.3014114 0.04114778 0.062295623 0.062295623 4.0047255 3.0644584 
29 2 28 "2" NA 0 0 1 0 NA 0 12 0 NA NA 61 96 4 500000 NA NA 12 324 3 2 0.37075403 0.629246 1.0 1.0 0.07017541 3.8328907 3.4754412 0.19370517 0.07017541 0.090955414 0.06319304 0.0796348 0.106145695 0.05361634 0.07324927 0.07766326 0.064796045 0.07324927 0.05361634 0.07017541 3.8328907 3.4754412 
29 2 29 "2" NA 0 0 1 0 NA 0 12 0 NA NA 70 96 4 500000 NA NA 12 336 3 1 0.7375998 0.26240027 1.0 1.0 0.049954373 4.323245 3.2131085 0.082983255 0.031766035 0.041165072 0.031766035 0.14084928 0.042026866 0.08912968 0.2323961 0.04366656 0.18265404 0.049954373 0.031642675 0.049954373 4.323245 3.2131085 
29 2 30 "2" NA 0 0 1 0 NA 0 12 0 NA NA 60 96 4 500000 NA NA 12 348 3 1 0.67531276 0.32468727 1.0 1.0 0.12334765 3.0191977 3.3671987 0.12334765 0.04006783 0.07426095 0.13494766 0.053164948 0.22057343 0.04642712 0.07758042 0.059706703 0.06940769 0.044133168 0.056382522 0.12334765 3.0191977 3.3671987 
29 2 31 "2" NA 0 0 1 0 NA 0 12 0 NA NA 68 96 4 500000 NA NA 12 360 4 1 0.5916486 0.40835148 1.0 1.0 0.0532647 4.2306767 3.445706 0.026912948 0.114350446 0.06153751 0.15308098 0.058575373 0.071005635 0.071749896 0.0761452 0.0532647 0.14488961 0.058779567 0.109708086 0.0532647 4.2306767 3.445706 
29 2 32 "2" NA 0 0 1 0 NA 0 12 0 NA NA 69 96 4 500000 NA NA 12 372 3 1 0.48245955 0.51754045 1.0 1.0 0.12085247 3.048681 3.4420419 0.055746127 0.10521663 0.054671768 0.10416432 0.05620041 0.07025859 0.060539465 0.19333118 0.048034567 0.12085247 0.0718533 0.059131052 0.12085247 3.048681 3.4420419 
29 3 1 "3" NA 0 0 1 0 NA 0 0 0 NA NA 60 96 4 500000 NA NA 12 0 0 0 0.50013757 0.4998624 1.0 1.0 0.08288085 3.5928173 3.5847874 0.08288085 0.08252239 0.08236256 0.082242504 0.08240255 0.08363256 0.08418215 0.08378995 0.08331688 0.08394705 0.08367193 0.08499989 0.08288085 3.5928173 3.5847874 
29 3 2 "3" NA 0 0 1 0 NA 0 12 0 NA NA 71 96 4 500000 NA NA 12 12 1 0 0.27956116 0.7204389 1.0 1.0 0.07292776 3.777388 3.4878485 0.20056728 0.07639875 0.07534676 0.07350437 0.07070609 0.07350437 0.07674125 0.067351885 0.07132982 0.07070609 0.070915565 0.07292776 0.07292776 3.777388 3.4878485 
29 3 3 "3" NA 0 0 1 0 NA 0 12 0 NA NA 66 96 4 500000 NA NA 12 24 2 0 0.32684848 0.6731515 1.0 1.0 0.062544905 3.998964 3.4620314 0.16934335 0.07275464 0.06372436 0.068044096 0.065957054 0.0736246 0.062544905 0.06903992 0.060037863 0.068044096 0.061317775 0.16556734 0.062544905 3.998964 3.4620314 
29 3 4 "3" NA 0 0 1 0 NA 0 12 0 NA NA 65 96 4 500000 NA NA 12 36 3 0 0.46505544 0.53494453 1.0 1.0 0.059311207 4.0755515 3.461892 0.19381467 0.060908955 0.057662357 0.08479744 0.060908955 0.059311207 0.10232966 0.059311207 0.060908955 0.057662357 0.10005461 0.10232966 0.059311207 4.0755515 3.461892 
29 3 5 "3" NA 0 0 1 0 NA 0 12 0 NA NA 64 96 4 500000 NA NA 12 48 3 0 0.4829036 0.51709634 1.0 0.99999994 0.056272753 4.1514196 3.5525103 0.09868163 0.09296692 0.06114191 0.07774863 0.056272753 0.08984987 0.08984987 0.09296692 0.065627374 0.06267528 0.09802793 0.114190854 0.056272753 4.1514196 3.5525103 
29 3 6 "3" NA 0 0 1 0 NA 0 12 0 NA NA 63 96 4 500000 NA NA 12 60 3 0 0.5375335 0.46246642 1.0 1.0 0.066575125 3.9088728 3.5114136 0.13634212 0.06866974 0.07242069 0.066575125 0.039937418 0.09346407 0.10674359 0.06807694 0.12053019 0.056164734 0.07437272 0.09670261 0.066575125 3.9088728 3.5114136 
29 3 7 "3" NA 0 0 1 0 NA 0 12 0 NA NA 61 96 4 500000 NA NA 12 72 3 0 0.61364156 0.38635844 1.0 1.0 0.060646247 4.0434375 3.456002 0.059061244 0.060646247 0.07965845 0.0618091 0.10017152 0.08156559 0.07693195 0.1076527 0.055172488 0.058857426 0.0570337 0.20143951 0.060646247 4.0434375 3.456002 
29 3 8 "3" NA 0 0 1 0 NA 0 12 0 NA NA 70 96 4 500000 NA NA 12 84 3 0 0.60015535 0.39984468 1.0 1.0 0.11689641 3.0966976 3.5104244 0.075999886 0.058685638 0.11089781 0.061354674 0.07369595 0.14731385 0.080473885 0.060762472 0.057039253 0.098194554 0.11689641 0.058685638 0.11689641 3.0966976 3.5104244 
29 3 9 "3" NA 0 0 1 0 NA 0 12 0 NA NA 69 96 4 500000 NA NA 12 96 4 0 0.84641814 0.15358186 1.0 1.0 0.047342382 4.400724 3.0744476 0.042134088 0.030558728 0.042850282 0.044003658 0.056061458 0.0865915 0.06528614 0.37072164 0.0727542 0.047342382 0.04330429 0.098391645 0.047342382 4.400724 3.0744476 
29 3 10 "3" NA 0 0 1 0 NA 0 12 0 NA NA 67 96 4 500000 NA NA 12 108 4 0 0.9681416 0.031858366 0.99999994 1.0 0.030817797 5.0200925 2.2587538 0.021425253 0.02856169 0.020549305 0.28696632 0.021948367 0.02760684 0.4819444 0.030817797 0.016850844 0.009806807 0.014111626 0.03941081 0.030817797 5.0200925 2.2587538 
29 3 11 "3" NA 0 0 1 0 NA 0 12 0 NA NA 62 96 4 500000 NA NA 12 120 3 0 0.72208166 0.27791828 1.0 1.0 0.051743366 4.2724824 3.35172 0.053211715 0.071311496 0.051743366 0.1418762 0.23161437 0.046647884 0.044380892 0.048873223 0.09797993 0.051060215 0.061508734 0.09979199 0.051743366 4.2724824 3.35172 
29 3 12 "3" NA 0 0 1 0 NA 0 12 0 NA NA 68 96 4 500000 NA NA 12 132 3 0 0.87789536 0.122104645 1.0 1.0 0.041242633 4.5997195 2.8904288 0.3239519 0.030219719 0.009086597 0.049088333 0.26135755 0.040933304 0.04801905 0.027555168 0.041242633 0.047288094 0.0592386 0.062019017 0.041242633 4.5997195 2.8904288 
29 3 13 "3" NA 0 0 1 0 NA 0 12 0 NA NA 67 96 4 500000 NA NA 12 144 3 0 0.70376045 0.29623958 1.0 1.0 0.06903851 3.8564546 3.396174 0.06475703 0.06903851 0.05347776 0.04620729 0.06257123 0.07525987 0.15337284 0.06903851 0.05347776 0.06475703 0.071137615 0.21690455 0.06903851 3.8564546 3.396174 
29 3 14 "3" NA 0 0 1 0 NA 0 12 0 NA NA 69 96 4 500000 NA NA 12 156 3 1 0.57281256 0.42718738 1.0 1.0 0.098111965 3.3494272 3.528309 0.09868129 0.10009401 0.08913183 0.12626278 0.11399691 0.06653467 0.056426298 0.05198553 0.056426298 0.098111965 0.07026811 0.072080284 0.098111965 3.3494272 3.528309 
29 3 15 "3" NA 0 0 1 0 NA 0 12 0 NA NA 70 96 4 500000 NA NA 12 168 4 1 0.69611055 0.30388942 1.0 1.0 0.06778689 3.88285 3.413616 0.09984377 0.06778689 0.05932003 0.06333269 0.10030666 0.058151796 0.06333269 0.06804757 0.23276013 0.06535213 0.06778689 0.053978857 0.06778689 3.88285 3.413616 
29 3 16 "3" NA 0 0 1 0 NA 0 12 0 NA NA 61 96 4 500000 NA NA 12 180 4 1 0.78817976 0.21182027 1.0 1.0 0.041573048 4.5882077 3.2087183 0.037887372 0.041573048 0.12830052 0.10369796 0.0555501 0.29879293 0.04694377 0.04694377 0.096800506 0.04407127 0.057865772 0.041573048 0.041573048 4.5882077 3.2087183 
29 3 17 "3" NA 0 0 1 0 NA 0 12 0 NA NA 63 96 4 500000 NA NA 12 192 3 1 0.5170981 0.48290193 1.0 1.0 0.102230884 3.290097 3.5674338 0.069929115 0.088461965 0.06188302 0.102230884 0.10434636 0.069929115 0.0771905 0.0789081 0.0924483 0.09487473 0.08615458 0.07364344 0.102230884 3.290097 3.5674338 
29 3 18 "3" NA 0 0 1 0 NA 0 12 0 NA NA 64 96 4 500000 NA NA 12 204 4 1 0.5474237 0.4525763 1.0 1.0 0.089128144 3.487975 3.5319698 0.07775123 0.106472924 0.12627216 0.032071665 0.089128144 0.08359989 0.09468811 0.07302087 0.06920223 0.08901458 0.07584867 0.08292956 0.089128144 3.487975 3.5319698 
29 3 19 "3" NA 0 0 1 0 NA 0 12 0 NA NA 65 96 4 500000 NA NA 12 216 4 1 0.65263 0.34737006 1.0 1.0 0.052314 4.256659 3.4308426 0.06579849 0.102037214 0.09049644 0.058001135 0.044458758 0.052314 0.057566565 0.044835027 0.055845086 0.15405728 0.16866818 0.10592171 0.052314 4.256659 3.4308426 
29 3 20 "3" NA 0 0 1 0 NA 0 12 0 NA NA 66 96 4 500000 NA NA 12 228 3 1 0.57258683 0.42741314 1.0 1.0 0.056494556 4.1457443 3.5168502 0.06098345 0.10759758 0.06728933 0.12172957 0.08786815 0.059411414 0.056494556 0.07506824 0.06098345 0.1399295 0.06639738 0.09624742 0.056494556 4.1457443 3.5168502 
29 3 21 "3" NA 0 0 1 0 NA 0 12 0 NA NA 71 96 4 500000 NA NA 12 240 3 1 0.8542162 0.14578383 1.0 1.0 0.042055804 4.5715513 3.0047872 0.06238927 0.045892186 0.40215826 0.05239985 0.06895584 0.045012407 0.025551429 0.053961057 0.063497886 0.05005032 0.08807567 0.042055804 0.042055804 4.5715513 3.0047872 
29 3 22 "3" NA 0 0 1 0 NA 0 12 0 NA NA 60 96 4 500000 NA NA 12 252 3 1 0.5508713 0.44912878 1.0 1.0 0.063137725 3.985354 3.5398324 0.063137725 0.076514125 0.1374349 0.06530049 0.0743824 0.06530049 0.09726935 0.0976842 0.073340945 0.084598035 0.10468683 0.060350507 0.063137725 3.985354 3.5398324 
29 3 23 "3" NA 0 0 1 0 NA 0 12 0 NA NA 66 96 4 500000 NA NA 12 264 3 1 0.4873773 0.51262265 1.0 1.0 0.08665595 3.5285573 3.5412788 0.036928404 0.08404887 0.09037183 0.07548264 0.08074818 0.079241 0.08665595 0.093561925 0.07037551 0.07856137 0.09584961 0.12817469 0.08665595 3.5285573 3.5412788 
29 3 24 "3" NA 0 0 1 0 NA 0 12 0 NA NA 67 96 4 500000 NA NA 12 276 3 1 0.5565734 0.4434266 0.99999994 1.0 0.056861874 4.1363945 3.514588 0.056026455 0.061649878 0.0616961 0.11561132 0.07949474 0.12652571 0.055693224 0.056861874 0.09256284 0.13080032 0.08606386 0.07701369 0.056861874 4.1363945 3.514588 
29 3 25 "3" NA 0 0 1 0 NA 0 12 0 NA NA 68 96 4 500000 NA NA 12 288 3 1 0.49893886 0.5010611 1.0 1.0 0.051982623 4.2658267 3.5297503 0.06710468 0.0799347 0.12434054 0.10578695 0.06540911 0.073495276 0.06975852 0.05412626 0.051982623 0.11950319 0.09808647 0.09047166 0.051982623 4.2658267 3.5297503 
29 3 26 "3" NA 0 0 1 0 NA 0 12 0 NA NA 69 96 4 500000 NA NA 12 300 3 1 0.5803952 0.41960484 1.0 1.0 0.06278033 3.9935439 3.4733794 0.1693834 0.070971936 0.06462308 0.070971936 0.06489796 0.06696677 0.14745839 0.10034863 0.056089833 0.06278033 0.06060974 0.06489796 0.06278033 3.9935439 3.4733794 
29 3 27 "3" NA 0 0 1 0 NA 0 12 0 NA NA 71 96 4 500000 NA NA 12 312 3 1 0.6015598 0.39844018 1.0 1.0 0.073563635 3.7648633 3.4551942 0.09631419 0.109144635 0.05056602 0.07365622 0.05675137 0.16850562 0.070299394 0.12900461 0.045298744 0.037388653 0.08950688 0.073563635 0.073563635 3.7648633 3.4551942 
29 3 28 "3" NA 0 0 1 0 NA 0 12 0 NA NA 62 96 4 500000 NA NA 12 324 3 1 0.59817433 0.40182573 1.0 1.0 0.1423398 2.812589 3.4748878 0.128762 0.047602337 0.1423398 0.123593695 0.057142798 0.06406113 0.087916546 0.06406113 0.0623802 0.049810074 0.11593288 0.056397334 0.1423398 2.812589 3.4748878 
29 3 29 "3" NA 0 0 1 0 NA 0 12 0 NA NA 63 96 4 500000 NA NA 12 336 4 1 0.9384162 0.06158377 1.0 0.99999994 0.02768178 5.1749196 2.3963478 0.030359816 0.034696933 0.007840287 0.02768178 0.08226086 0.56848335 0.05239746 0.06243867 0.047140792 0.032623306 0.03748436 0.01659233 0.02768178 5.1749196 2.3963478 
29 3 30 "3" NA 0 0 1 0 NA 0 12 0 NA NA 65 96 4 500000 NA NA 12 348 3 1 0.6132656 0.38673437 1.0 1.0 0.061743706 4.0175643 3.3243287 0.09467197 0.21727447 0.0391938 0.025043815 0.102327935 0.061743706 0.05627715 0.06396622 0.041847162 0.16796887 0.061447952 0.06823693 0.061743706 4.0175643 3.3243287 
29 3 31 "3" NA 0 0 1 0 NA 0 12 0 NA NA 70 96 4 500000 NA NA 12 360 3 1 0.47265387 0.5273461 1.0 1.0 0.067181736 3.895787 3.4728212 0.063463956 0.08922341 0.05974295 0.054222684 0.18632253 0.058017023 0.10168953 0.048251107 0.09244044 0.09893672 0.067181736 0.08050789 0.067181736 3.895787 3.4728212 
29 3 32 "3" NA 0 0 1 0 NA 0 12 0 NA NA 64 96 4 500000 NA NA 12 372 4 1 0.7068077 0.29319236 1.0 1.0 0.051464975 4.2802653 3.3457348 0.25873432 0.103482604 0.09087076 0.060573816 0.051464975 0.048813973 0.05599417 0.05975521 0.094225675 0.07850831 0.0463229 0.051253367 0.051464975 4.2802653 3.3457348 
29 4 1 "4" NA 0 0 1 0 NA 0 0 0 NA NA 65 96 4 500000 NA NA 12 0 0 0 0.5001401 0.4998599 1.0 1.0 0.08364489 3.5795789 3.5847845 0.08285556 0.082497895 0.08233843 0.08225858 0.082418196 0.08364489 0.084193036 0.083801866 0.083290614 0.08395855 0.08368417 0.085008614 0.08364489 3.5795789 3.5847845 
29 4 2 "4" NA 0 0 1 0 NA 0 12 0 NA NA 62 96 4 500000 NA NA 12 12 1 0 0.27928516 0.72071487 1.0 1.0 0.07181251 3.7996209 3.4760013 0.06650461 0.07367763 0.07181251 0.07421407 0.0720047 0.20819134 0.068320595 0.07659406 0.076265655 0.07001991 0.06765429 0.07474069 0.07181251 3.7996209 3.4760013 
29 4 3 "4" NA 0 0 1 0 NA 0 12 0 NA NA 61 96 4 500000 NA NA 12 24 2 0 0.34277433 0.65722567 1.0 1.0 0.06368138 3.9729846 3.4960415 0.075380705 0.06368138 0.11330872 0.07264052 0.07421867 0.18386012 0.06717212 0.0676894 0.074026905 0.06946988 0.072457366 0.066094115 0.06368138 3.9729846 3.4960415 
29 4 4 "4" NA 0 0 1 0 NA 0 12 0 NA NA 67 96 4 500000 NA NA 12 36 3 0 0.7395522 0.2604478 1.0 0.99999994 0.3022623 1.7261271 3.2726145 0.06518068 0.029175522 0.08320013 0.06769891 0.060977317 0.07533098 0.059965 0.3022623 0.053531077 0.06366031 0.06475766 0.07426016 0.3022623 1.7261271 3.2726145 
29 4 5 "4" NA 0 0 1 0 NA 0 12 0 NA NA 70 96 4 500000 NA NA 12 48 4 0 0.8512439 0.14875607 1.0 1.0 0.39602768 1.3363267 2.966668 0.05919784 0.03706497 0.0636518 0.033485636 0.13323124 0.044818535 0.043312065 0.0330825 0.038453884 0.043312065 0.39602768 0.074361734 0.39602768 1.3363267 2.966668 
29 4 6 "4" NA 0 0 1 0 NA 0 12 0 NA NA 63 96 4 500000 NA NA 12 60 5 0 0.9937135 0.006286474 1.0 0.99999994 0.7062692 0.5017099 1.696924 0.019482734 0.012671497 0.011411905 0.7062692 0.124353945 0.013300993 0.038920406 0.008889961 0.02410099 0.013856296 0.008258811 0.018483328 0.7062692 0.5017099 1.696924 
29 4 7 "4" NA 0 0 1 0 NA 0 12 0 NA NA 64 96 4 500000 NA NA 12 72 4 0 0.98554915 0.014450831 1.0 1.0 0.046200052 4.4359617 1.966034 0.049450733 0.02577807 0.046665143 0.027985895 0.046200052 0.020245727 0.023332573 0.019136768 0.6820398 0.022237172 0.014690839 0.022237172 0.046200052 4.4359617 1.966034 
29 4 8 "4" NA 0 0 1 0 NA 0 12 0 NA NA 69 96 4 500000 NA NA 12 84 4 0 0.959373 0.040627018 1.0 1.0 0.02069688 5.594443 2.3432062 0.034191366 0.03373384 0.5708881 0.018627 0.018627 0.026227184 0.096934386 0.019901639 0.026866196 0.02069688 0.038698025 0.094608285 0.02069688 5.594443 2.3432062 
29 4 9 "4" NA 0 0 1 0 NA 0 12 0 NA NA 68 96 4 500000 NA NA 12 96 3 0 0.57568765 0.42431235 1.0 1.0 0.100195505 3.3191104 3.5255458 0.06659112 0.07559512 0.07798508 0.06806284 0.062680475 0.15454225 0.06848805 0.080322236 0.100195505 0.11024457 0.07063922 0.06465351 0.100195505 3.3191104 3.5255458 
29 4 10 "4" NA 0 0 1 0 NA 0 12 0 NA NA 71 96 4 500000 NA NA 12 108 4 0 0.7953616 0.20463847 1.0 1.0 0.050904464 4.296064 3.1843274 0.08115825 0.041728683 0.30147645 0.15957047 0.062644735 0.041728683 0.07944362 0.04824056 0.037239563 0.037239563 0.058624998 0.050904464 0.050904464 4.296064 3.1843274 
29 4 11 "4" NA 0 0 1 0 NA 0 12 0 NA NA 66 96 4 500000 NA NA 12 120 3 0 0.7327601 0.26723996 1.0 1.0 0.041279424 4.598433 3.3281062 0.0527767 0.2381106 0.06089112 0.052747484 0.13485627 0.068555616 0.041279424 0.12965022 0.053100165 0.07391134 0.057031 0.037090145 0.041279424 4.598433 3.3281062 
29 4 12 "4" NA 0 0 1 0 NA 0 12 0 NA NA 60 96 4 500000 NA NA 12 132 3 0 0.58071244 0.41928756 1.0 1.0 0.06990983 3.8383608 3.532683 0.06990983 0.14114921 0.06964714 0.11509484 0.07457756 0.07457756 0.06173573 0.07214277 0.07457756 0.10789584 0.076956265 0.06173573 0.06990983 3.8383608 3.532683 
29 4 13 "4" NA 0 0 1 0 NA 0 12 0 NA NA 71 96 4 500000 NA NA 12 144 3 0 0.58491915 0.41508088 1.0 1.0 0.13113049 2.930925 3.5283217 0.061428968 0.08521789 0.07201977 0.0999101 0.07201977 0.06581021 0.061428968 0.09339777 0.0699935 0.05915326 0.12848933 0.13113049 0.13113049 2.930925 3.5283217 
29 4 14 "4" NA 0 0 1 0 NA 0 12 0 NA NA 68 96 4 500000 NA NA 12 156 4 1 0.87543404 0.12456596 1.0 1.0 0.060923547 4.036856 2.8723342 0.031101119 0.05202957 0.03648329 0.058165345 0.06909598 0.06801461 0.44457647 0.07393308 0.060923547 0.04348988 0.032908898 0.029278256 0.060923547 4.036856 2.8723342 
29 4 15 "4" NA 0 0 1 0 NA 0 12 0 NA NA 69 96 4 500000 NA NA 12 168 4 1 0.5989507 0.40104935 1.0 1.0 0.069907814 3.8384023 3.5019429 0.09469763 0.13465486 0.0815315 0.07365307 0.065896235 0.13532226 0.09571437 0.06400613 0.0306612 0.069907814 0.07181177 0.08214322 0.069907814 3.8384023 3.5019429 
29 4 16 "4" NA 0 0 1 0 NA 0 12 0 NA NA 64 96 4 500000 NA NA 12 180 3 1 0.6379332 0.36206678 1.0 1.0 0.059394896 4.073517 3.4663367 0.08562552 0.12629196 0.059370555 0.07842203 0.059394896 0.16863602 0.06784539 0.11612079 0.060831096 0.035703875 0.0612523 0.08050561 0.059394896 4.073517 3.4663367 
29 4 17 "4" NA 0 0 1 0 NA 0 12 0 NA NA 63 96 4 500000 NA NA 12 192 3 1 0.67725337 0.32274666 1.0 1.0 0.19775735 2.3381968 3.4014113 0.07878581 0.08243829 0.07652047 0.19775735 0.017131962 0.11862191 0.06671729 0.07477523 0.04943833 0.051449385 0.1169462 0.06941785 0.19775735 2.3381968 3.4014113 
29 4 18 "4" NA 0 0 1 0 NA 0 12 0 NA NA 70 96 4 500000 NA NA 12 204 4 1 0.80561805 0.19438194 1.0 1.0 0.041197646 4.6012945 3.134747 0.030345783 0.28132156 0.037666675 0.03281503 0.039867926 0.1429385 0.04293571 0.17464192 0.068257816 0.043738574 0.041197646 0.06427286 0.041197646 4.6012945 3.134747 
29 4 19 "4" NA 0 0 1 0 NA 0 12 0 NA NA 67 96 4 500000 NA NA 12 216 3 1 0.5280081 0.47199193 1.0 1.0 0.09410156 3.4096375 3.5511963 0.081652485 0.072648205 0.10958545 0.09661985 0.08263532 0.06716629 0.075254716 0.09410156 0.09964831 0.079701275 0.04244006 0.09854649 0.09410156 3.4096375 3.5511963 
29 4 20 "4" NA 0 0 1 0 NA 0 12 0 NA NA 61 96 4 500000 NA NA 12 228 4 1 0.7298349 0.27016515 0.99999994 1.0 0.09696096 3.366452 3.3471544 0.06039267 0.09696096 0.05253234 0.056299493 0.045637283 0.26336128 0.07152483 0.047838345 0.07383741 0.08993911 0.085163094 0.056513153 0.09696096 3.366452 3.3471544 
29 4 21 "4" NA 0 0 1 0 NA 0 12 0 NA NA 62 96 4 500000 NA NA 12 240 4 1 0.8598367 0.14016338 0.99999994 1.0 0.40865344 1.2910502 2.9818974 0.090688795 0.029378368 0.40865344 0.0443722 0.04071342 0.038143393 0.061113104 0.051448394 0.04900564 0.047982387 0.0673916 0.071109295 0.40865344 1.2910502 2.9818974 
29 4 22 "4" NA 0 0 1 0 NA 0 12 0 NA NA 65 96 4 500000 NA NA 12 252 4 1 0.947518 0.052482013 1.0 1.0 0.5385132 0.89294636 2.432983 0.04326109 0.014013119 0.004484594 0.031199545 0.03216749 0.5385132 0.10225738 0.020666838 0.08283019 0.0717182 0.036664076 0.02222434 0.5385132 0.89294636 2.432983 
29 4 23 "4" NA 0 0 1 0 NA 0 12 0 NA NA 69 96 4 500000 NA NA 12 264 6 1 0.65443754 0.34556246 1.0 1.0 0.063841626 3.969359 3.4303393 0.15608068 0.06602104 0.07209303 0.063841626 0.057050686 0.049801897 0.055735186 0.18804342 0.054691248 0.063841626 0.101062834 0.07173678 0.063841626 3.969359 3.4303393 
29 4 24 "4" NA 0 0 1 0 NA 0 12 0 NA NA 63 96 4 500000 NA NA 12 276 3 1 0.50308675 0.4969133 1.0 1.0 0.070342764 3.8294542 3.5429654 0.07646314 0.07107371 0.06481366 0.070342764 0.1245783 0.08166835 0.1033564 0.08321349 0.11182236 0.04764397 0.081240356 0.08378355 0.070342764 3.8294542 3.5429654 
29 4 25 "4" NA 0 0 1 0 NA 0 12 0 NA NA 62 96 4 500000 NA NA 12 288 3 1 0.53622556 0.46377447 1.0 1.0 0.12327186 3.0200844 3.543993 0.0639455 0.11547243 0.12327186 0.06013895 0.09385087 0.07803139 0.0686921 0.06014567 0.06779068 0.09754177 0.085109755 0.08600894 0.12327186 3.0200844 3.543993 
29 4 26 "4" NA 0 0 1 0 NA 0 12 0 NA NA 67 96 4 500000 NA NA 12 300 4 1 0.9900213 0.009978621 1.0 1.0 0.033992406 4.8786435 1.8289143 0.017867055 0.010411916 0.004316523 0.010487907 0.023337072 0.018947387 0.014650023 0.033992406 0.022938693 0.01160363 0.6425625 0.18888493 0.033992406 4.8786435 1.8289143 
29 4 27 "4" NA 0 0 1 0 NA 0 12 0 NA NA 66 96 4 500000 NA NA 12 312 4 1 0.8206342 0.1793658 1.0 1.0 0.0414965 4.5908666 3.0490806 0.05274942 0.101798505 0.025854802 0.044078 0.04507671 0.060111135 0.0414965 0.0139111215 0.32550538 0.05603096 0.17881572 0.054571666 0.0414965 4.5908666 3.0490806 
29 4 28 "4" NA 0 0 1 0 NA 0 12 0 NA NA 61 96 4 500000 NA NA 12 324 3 1 0.5534673 0.44653273 1.0 1.0 0.12302604 3.0229645 3.449414 0.18555629 0.12302604 0.07285295 0.065542586 0.1269423 0.06215782 0.053008594 0.05959589 0.071871996 0.071082436 0.05863683 0.04972626 0.12302604 3.0229645 3.449414 
29 4 29 "4" NA 0 0 1 0 NA 0 12 0 NA NA 62 96 4 500000 NA NA 12 336 4 1 0.93901604 0.060983952 1.0 1.0 0.02932075 5.091934 2.4795208 0.033915423 0.024343135 0.02932075 0.04159586 0.03945422 0.5316444 0.024073968 0.031152615 0.030970506 0.03304356 0.14657016 0.033915423 0.02932075 5.091934 2.4795208 
29 4 30 "4" NA 0 0 1 0 NA 0 12 0 NA NA 71 96 4 500000 NA NA 12 348 3 2 0.9304251 0.069574885 1.0 0.99999994 0.03340056 4.9039836 2.4575262 0.06423978 0.021566557 0.0070792786 0.047557276 0.5591852 0.037996314 0.049728587 0.03344373 0.05382044 0.0369603 0.055021957 0.03340056 0.03340056 4.9039836 2.4575262 
29 4 31 "4" NA 0 0 1 0 NA 0 12 0 NA NA 64 96 4 500000 NA NA 12 360 3 1 0.5501005 0.44989946 1.0 1.0 0.05841094 4.0976176 3.4335155 0.0558614 0.07211661 0.053994406 0.097880065 0.05841094 0.05841094 0.1965721 0.070294514 0.091955125 0.13703194 0.056602903 0.050869066 0.05841094 4.0976176 3.4335155 
29 4 32 "4" NA 0 0 1 0 NA 0 12 0 NA NA 60 96 4 500000 NA NA 12 372 3 1 0.76027477 0.2397253 1.0 1.0 0.046775207 4.4181123 3.1942976 0.046775207 0.17820442 0.07992656 0.061153878 0.041280936 0.04362819 0.047983725 0.29016998 0.05221783 0.061153878 0.058374718 0.03913071 0.046775207 4.4181123 3.1942976 
29 5 1 "5" NA 0 0 1 0 NA 0 0 0 NA NA 61 96 4 500000 NA NA 12 0 0 0 0.5001366 0.49986336 1.0 1.0 0.08251325 3.5992303 3.5847888 0.08283039 0.08251325 0.082394004 0.082274586 0.082433775 0.083617985 0.08416492 0.083813734 0.08326449 0.08397 0.08365717 0.085017286 0.08251325 3.5992303 3.5847888 
29 5 2 "5" NA 0 0 1 0 NA 0 12 0 NA NA 67 96 4 500000 NA NA 12 12 1 0 0.27712896 0.722871 1.0 1.0 0.073271215 3.7706096 3.4835176 0.07578853 0.20369574 0.072892636 0.072508864 0.07152553 0.06966104 0.0705056 0.073271215 0.06922855 0.07091817 0.07473669 0.0752674 0.073271215 3.7706096 3.4835176 
29 5 3 "5" NA 0 0 1 0 NA 0 12 0 NA NA 65 96 4 500000 NA NA 12 24 2 0 0.32245764 0.6775424 1.0 1.0 0.06534116 3.9358642 3.4585967 0.06637729 0.17267041 0.06315852 0.062005103 0.06426931 0.06534116 0.06835327 0.16539332 0.06534116 0.06835327 0.07446785 0.06426931 0.06534116 3.9358642 3.4585967 
29 5 4 "5" NA 0 0 1 0 NA 0 12 0 NA NA 68 96 4 500000 NA NA 12 36 3 0 0.5286916 0.47130847 1.0 1.0 0.06996758 3.8371696 3.5152931 0.10425512 0.111083545 0.13190766 0.04520837 0.05668043 0.058772605 0.06392101 0.100500725 0.06996758 0.08649228 0.06505758 0.10615315 0.06996758 3.8371696 3.5152931 
29 5 5 "5" NA 0 0 1 0 NA 0 12 0 NA NA 66 96 4 500000 NA NA 12 48 3 0 0.66682965 0.3331704 1.0 1.0 0.16642031 2.5870965 3.4020367 0.0393932 0.11640911 0.08517741 0.17853312 0.05485164 0.06805182 0.16642031 0.07504059 0.060683675 0.046580277 0.06402056 0.044838283 0.16642031 2.5870965 3.4020367 
29 5 6 "5" NA 0 0 1 0 NA 0 12 0 NA NA 62 96 4 500000 NA NA 12 60 4 0 0.75843495 0.24156508 1.0 1.0 0.043475572 4.523651 3.2636971 0.046581127 0.049450397 0.043475572 0.09130059 0.031966243 0.077375226 0.04133397 0.0807749 0.050013367 0.20281951 0.22854675 0.05636234 0.043475572 4.523651 3.2636971 
29 5 7 "5" NA 0 0 1 0 NA 0 12 0 NA NA 69 96 4 500000 NA NA 12 72 3 0 0.6057893 0.39421073 1.0 1.0 0.08549796 3.5479662 3.4873288 0.13625544 0.17062305 0.06193641 0.063015595 0.059308514 0.067545205 0.06193641 0.07794465 0.08040464 0.08549796 0.059308514 0.076223515 0.08549796 3.5479662 3.4873288 
29 5 8 "5" NA 0 0 1 0 NA 0 12 0 NA NA 70 96 4 500000 NA NA 12 84 4 0 0.74994624 0.2500538 1.0 1.0 0.05184553 4.2696366 3.2765052 0.04978537 0.06428073 0.044862665 0.06747777 0.071192585 0.088159464 0.06428073 0.29613394 0.054860275 0.044862665 0.05184553 0.10225826 0.05184553 4.2696366 3.2765052 
29 5 9 "5" NA 0 0 1 0 NA 0 12 0 NA NA 64 96 4 500000 NA NA 12 96 3 0 0.58910537 0.4108946 0.99999994 1.0 0.0968485 3.3681264 3.5379162 0.12731609 0.10485928 0.081256986 0.11045443 0.0968485 0.061604515 0.07510993 0.07510993 0.08709535 0.063991815 0.05915086 0.057202354 0.0968485 3.3681264 3.5379162 
29 5 10 "5" NA 0 0 1 0 NA 0 12 0 NA NA 63 96 4 500000 NA NA 12 108 4 0 0.66373795 0.33626205 1.0 1.0 0.08993013 3.4750514 3.4465885 0.056885604 0.09560844 0.06579666 0.08993013 0.07435853 0.08267842 0.08452045 0.21354944 0.05939758 0.050271906 0.06709 0.05991292 0.08993013 3.4750514 3.4465885 
29 5 11 "5" NA 0 0 1 0 NA 0 12 0 NA NA 60 96 4 500000 NA NA 12 120 4 0 0.72225237 0.27774763 1.0 1.0 0.056668926 4.1412983 3.3528259 0.056668926 0.05589807 0.046400588 0.04032947 0.042390015 0.05589807 0.052179616 0.13196272 0.12142301 0.1444026 0.052179616 0.20026733 0.056668926 4.1412983 3.3528259 
29 5 12 "5" NA 0 0 1 0 NA 0 12 0 NA NA 71 96 4 500000 NA NA 12 132 3 0 0.6865274 0.3134727 1.0 1.0 0.06605432 3.9202032 3.4360118 0.06160971 0.066798516 0.071809284 0.06422805 0.06160971 0.07425533 0.066798516 0.0790408 0.071809284 0.23000482 0.08598166 0.06605432 0.06605432 3.9202032 3.4360118 
29 5 13 "5" NA 0 0 1 0 NA 0 12 0 NA NA 63 96 4 500000 NA NA 12 144 3 0 0.916424 0.08357598 1.0 1.0 0.045410376 4.460834 2.7304325 0.0319687 0.054785147 0.03778231 0.045410376 0.041612316 0.48100838 0.03778231 0.04729844 0.11301516 0.045410376 0.033916507 0.030009998 0.045410376 4.460834 2.7304325 
29 5 14 "5" NA 0 0 1 0 NA 0 12 0 NA NA 64 96 4 500000 NA NA 12 156 3 1 0.624694 0.37530604 1.0 1.0 0.15108189 2.7265973 3.4675372 0.076828845 0.09544526 0.10107025 0.024427986 0.15108189 0.09605514 0.07046401 0.09164825 0.06235972 0.12533757 0.05329024 0.051990803 0.15108189 2.7265973 3.4675372 
29 5 15 "5" NA 0 0 1 0 NA 0 12 0 NA NA 70 96 4 500000 NA NA 12 168 4 1 0.86786836 0.13213158 0.99999994 1.0 0.35636026 1.4885917 2.9318318 0.048424963 0.09543341 0.20107868 0.029857067 0.027655073 0.062906936 0.04053966 0.029075444 0.038935546 0.032411687 0.35636026 0.037321296 0.35636026 1.4885917 2.9318318 
29 5 16 "5" NA 0 0 1 0 NA 0 12 0 NA NA 69 96 4 500000 NA NA 12 180 5 1 0.63760144 0.36239862 1.0 1.0 0.05884471 4.0869436 3.4509003 0.06394484 0.079646364 0.13305065 0.052976783 0.11713169 0.0445171 0.062117886 0.15090245 0.13185275 0.05884471 0.048087604 0.056927152 0.05884471 4.0869436 3.4509003 
29 5 17 "5" NA 0 0 1 0 NA 0 12 0 NA NA 62 96 4 500000 NA NA 12 192 4 1 0.85040164 0.14959837 1.0 1.0 0.09261962 3.4325385 2.995042 0.03520506 0.3586467 0.09261962 0.04422766 0.03661303 0.12714104 0.11988968 0.050819375 0.028883971 0.017909218 0.027591757 0.060452927 0.09261962 3.4325385 2.995042 
29 5 18 "5" NA 0 0 1 0 NA 0 12 0 NA NA 66 96 4 500000 NA NA 12 204 4 1 0.9566978 0.04330214 1.0 1.0 0.025002724 5.321771 2.3750198 0.041604016 0.021965561 0.006902096 0.5415168 0.03056128 0.070024766 0.025002724 0.030194588 0.15335017 0.01897302 0.030915784 0.028989192 0.025002724 5.321771 2.3750198 
29 5 19 "5" NA 0 0 1 0 NA 0 12 0 NA NA 68 96 4 500000 NA NA 12 216 3 1 0.565103 0.43489695 1.0 1.0 0.08782963 3.5091484 3.5270426 0.07195698 0.062307872 0.08592679 0.074845575 0.13892326 0.10808095 0.04513338 0.07633457 0.08782963 0.108481795 0.07622005 0.06395924 0.08782963 3.5091484 3.5270426 
29 5 20 "5" NA 0 0 1 0 NA 0 12 0 NA NA 65 96 4 500000 NA NA 12 228 3 1 0.586394 0.41360602 1.0 1.0 0.06791442 3.8801384 3.49328 0.06565937 0.06150543 0.08360469 0.06353051 0.095484175 0.06791442 0.11349754 0.14565815 0.030866928 0.11597476 0.06663835 0.08966574 0.06791442 3.8801384 3.49328 
29 5 21 "5" NA 0 0 1 0 NA 0 12 0 NA NA 67 96 4 500000 NA NA 12 240 3 1 0.576654 0.42334598 1.0 1.0 0.091836385 3.4447904 3.5147376 0.11733336 0.057534367 0.060880467 0.07671734 0.09118069 0.052154835 0.074274376 0.091836385 0.09465521 0.058788896 0.14951889 0.0751252 0.091836385 3.4447904 3.5147376 
29 5 22 "5" NA 0 0 1 0 NA 0 12 0 NA NA 61 96 4 500000 NA NA 12 252 4 1 0.91647834 0.083521664 1.0 1.0 0.045490656 4.458286 2.6426063 0.026122818 0.045490656 0.12116481 0.031407963 0.4620861 0.02938631 0.04807544 0.008506738 0.032487273 0.02076473 0.13895585 0.035551313 0.045490656 4.458286 2.6426063 
29 5 23 "5" NA 0 0 1 0 NA 0 12 0 NA NA 69 96 4 500000 NA NA 12 264 3 1 0.503962 0.49603796 0.99999994 1.0 0.12380408 3.0138693 3.5520566 0.07742337 0.057279527 0.07466968 0.07461432 0.09416093 0.06748759 0.09982761 0.10469384 0.06557129 0.12380408 0.08167688 0.078790925 0.12380408 3.0138693 3.5520566 
29 5 24 "5" NA 0 0 1 0 NA 0 12 0 NA NA 66 96 4 500000 NA NA 12 276 4 1 0.6448317 0.3551683 1.0 1.0 0.06394248 3.9670815 3.4004173 0.06294262 0.05005835 0.06735421 0.06670925 0.17568389 0.0589084 0.06394248 0.064087905 0.11654016 0.03346011 0.17596677 0.06434581 0.06394248 3.9670815 3.4004173 
29 5 25 "5" NA 0 0 1 0 NA 0 12 0 NA NA 68 96 4 500000 NA NA 12 288 3 1 0.5285412 0.47145876 1.0 1.0 0.094766214 3.3994834 3.5089908 0.0620367 0.06760509 0.1623762 0.07661694 0.11035643 0.06080187 0.057252206 0.06428382 0.094766214 0.082272284 0.06428382 0.09734844 0.094766214 3.3994834 3.5089908 
29 5 26 "5" NA 0 0 1 0 NA 0 12 0 NA NA 60 96 4 500000 NA NA 12 300 3 2 0.3998195 0.6001805 1.0 1.0 0.059230797 4.077509 3.446396 0.059230797 0.06320015 0.07536888 0.06369666 0.0788999 0.20095074 0.124129035 0.082090974 0.038206734 0.07369726 0.06456953 0.07595936 0.059230797 4.077509 3.446396 
29 5 27 "5" NA 0 0 1 0 NA 0 12 0 NA NA 65 96 4 500000 NA NA 12 312 3 1 0.5318626 0.46813738 1.0 1.0 0.077059254 3.6978881 3.5113163 0.032215778 0.111103274 0.092296585 0.11743826 0.07035047 0.077059254 0.09297594 0.062657945 0.065727614 0.07224309 0.074491255 0.13144045 0.077059254 3.6978881 3.5113163 
29 5 28 "5" NA 0 0 1 0 NA 0 12 0 NA NA 64 96 4 500000 NA NA 12 324 3 1 0.64696145 0.35303855 1.0 0.99999994 0.06213123 4.008538 3.3795447 0.03373965 0.06001248 0.060173806 0.15165916 0.06213123 0.019645203 0.055789012 0.16465348 0.101512924 0.0578559 0.12964638 0.103180856 0.06213123 4.008538 3.3795447 
29 5 29 "5" NA 0 0 1 0 NA 0 12 0 NA NA 71 96 4 500000 NA NA 12 336 3 1 0.51075774 0.4892422 1.0 1.0 0.09104386 3.4572942 3.5038137 0.07358307 0.071563475 0.0995403 0.11184507 0.032215867 0.072611265 0.08199053 0.07097633 0.06418019 0.0767887 0.15366136 0.09104386 0.09104386 3.4572942 3.5038137 
29 5 30 "5" NA 0 0 1 0 NA 0 12 0 NA NA 60 96 4 500000 NA NA 12 348 4 1 0.99167657 0.008323519 1.0 1.0 0.06001167 4.0586133 1.7199782 0.06001167 0.020930985 0.018794836 0.70998996 0.0103790015 0.014884901 0.01230091 0.015302548 0.09762425 0.02000424 0.011328751 0.008447915 0.06001167 4.0586133 1.7199782 
29 5 31 "5" NA 0 0 1 0 NA 0 12 0 NA NA 64 96 4 500000 NA NA 12 360 4 1 0.8709831 0.12901682 1.0 1.0 0.049021006 4.3504558 2.8492255 0.012111044 0.05116499 0.08760773 0.040684044 0.049021006 0.097618885 0.44016942 0.036558654 0.044025894 0.046673857 0.046433173 0.047931332 0.049021006 4.3504558 2.8492255 
29 5 32 "5" NA 0 0 1 0 NA 0 12 0 NA NA 66 96 4 500000 NA NA 12 372 3 1 0.4682323 0.53176767 1.0 1.0 0.08179365 3.6118672 3.550119 0.06798894 0.061274502 0.072055094 0.12686417 0.072868496 0.08884394 0.08179365 0.065039076 0.08112672 0.074158356 0.11111294 0.096874155 0.08179365 3.6118672 3.550119 
29 6 1 "6" NA 0 0 1 0 NA 0 0 0 NA NA 67 96 4 500000 NA NA 12 0 0 0 0.5001366 0.49986336 1.0 1.0 0.08378652 3.577138 3.584789 0.08284481 0.082488894 0.082369916 0.082250774 0.082488894 0.0836303 0.08421461 0.08378652 0.08327774 0.08398138 0.0836303 0.08498746 0.08378652 3.577138 3.584789 
29 6 2 "6" NA 0 0 1 0 NA 0 12 0 NA NA 62 96 4 500000 NA NA 12 12 1 0 0.2730302 0.72696984 1.0 1.0 0.06627474 3.915397 3.4546292 0.070298664 0.070298664 0.06627474 0.06836551 0.068164006 0.07329275 0.07066876 0.22189689 0.06935002 0.0758407 0.07362427 0.071925044 0.06627474 3.915397 3.4546292 
29 6 3 "6" NA 0 0 1 0 NA 0 12 0 NA NA 69 96 4 500000 NA NA 12 24 2 0 0.36308336 0.63691664 1.0 1.0 0.073469296 3.7667148 3.5354528 0.079049416 0.06108763 0.098711826 0.07458714 0.07877562 0.0692052 0.073932275 0.15679756 0.07171007 0.073469296 0.08048672 0.08218728 0.073469296 3.7667148 3.5354528 
29 6 4 "6" NA 0 0 1 0 NA 0 12 0 NA NA 68 96 4 500000 NA NA 12 36 3 0 0.4649353 0.5350647 1.0 1.0 0.05811507 4.1049438 3.5361602 0.078266926 0.06411447 0.10028427 0.05811507 0.061199415 0.096411735 0.10744251 0.12533365 0.05811507 0.10028427 0.062676445 0.08775608 0.05811507 4.1049438 3.5361602 
29 6 5 "6" NA 0 0 1 0 NA 0 12 0 NA NA 66 96 4 500000 NA NA 12 48 3 0 0.5398009 0.46019915 1.0 1.0 0.12211894 3.033641 3.541803 0.066625014 0.115432665 0.09374634 0.06504536 0.06969228 0.05289693 0.12211894 0.09374634 0.07864385 0.07864385 0.09836306 0.06504536 0.12211894 3.033641 3.541803 
29 6 6 "6" NA 0 0 1 0 NA 0 12 0 NA NA 63 96 4 500000 NA NA 12 60 4 0 0.9428537 0.057146285 1.0 1.0 0.5313842 0.9121727 2.4722583 0.028528156 0.023825452 0.093270704 0.5313842 0.017864658 0.0343417 0.020011246 0.08147912 0.017485488 0.036045443 0.09431043 0.021453438 0.5313842 0.9121727 2.4722583 
29 6 7 "6" NA 0 0 1 0 NA 0 12 0 NA NA 70 96 4 500000 NA NA 12 72 4 0 0.8419706 0.15802936 1.0 1.0 0.044015467 4.5058455 3.0715828 0.37589246 0.084894694 0.04532371 0.039527398 0.08340308 0.049017284 0.031535808 0.04532371 0.058352936 0.07608099 0.044015467 0.06663245 0.044015467 4.5058455 3.0715828 
29 6 8 "6" NA 0 0 1 0 NA 0 12 0 NA NA 60 96 4 500000 NA NA 12 84 3 0 0.5199074 0.4800926 1.0 1.0 0.07184679 3.7989323 3.5586455 0.07184679 0.09362402 0.07724797 0.1036276 0.06946643 0.08121442 0.08673536 0.093264036 0.106047004 0.08772094 0.046988226 0.08221721 0.07184679 3.7989323 3.5586455 
29 6 9 "6" NA 0 0 1 0 NA 0 12 0 NA NA 64 96 4 500000 NA NA 12 96 3 0 0.6127778 0.38722217 1.0 1.0 0.05877963 4.0885396 3.466674 0.028208507 0.07024813 0.073008366 0.08194658 0.05877963 0.06522811 0.0859217 0.16873685 0.11844861 0.11571934 0.063352145 0.07040212 0.05877963 4.0885396 3.466674 
29 6 10 "6" NA 0 0 1 0 NA 0 12 0 NA NA 65 96 4 500000 NA NA 12 108 3 0 0.6055064 0.39449358 1.0 1.0 0.115056284 3.1195884 3.5015817 0.056755207 0.05786911 0.0746214 0.080626816 0.054264735 0.115056284 0.14777935 0.12118321 0.068282805 0.07254878 0.097126596 0.053885713 0.115056284 3.1195884 3.5015817 
29 6 11 "6" NA 0 0 1 0 NA 0 12 0 NA NA 71 96 4 500000 NA NA 12 120 4 0 0.87239707 0.12760293 1.0 1.0 0.4073198 1.2957661 2.9732876 0.036087994 0.06783251 0.06846158 0.07733918 0.03411227 0.032119647 0.06123699 0.08808794 0.036087994 0.053266082 0.03804802 0.4073198 0.4073198 1.2957661 2.9732876 
29 6 12 "6" NA 0 0 1 0 NA 0 12 0 NA NA 61 96 4 500000 NA NA 12 132 4 0 0.85592574 0.14407426 1.0 1.0 0.07590706 3.7196221 3.0180833 0.04334549 0.07590706 0.08924313 0.035809327 0.3868355 0.031941798 0.033884853 0.06045293 0.09577449 0.05246766 0.06045293 0.033884853 0.07590706 3.7196221 3.0180833 
29 6 13 "6" NA 0 0 1 0 NA 0 12 0 NA NA 66 96 4 500000 NA NA 12 144 4 0 0.88132775 0.11867227 1.0 1.0 0.05838909 4.0981574 2.8787344 0.048305497 0.020179749 0.02949853 0.020179749 0.09877061 0.028194707 0.05838909 0.17193365 0.03464057 0.0943383 0.37402782 0.02154175 0.05838909 4.0981574 2.8787344 
29 6 14 "6" NA 0 0 1 0 NA 0 12 0 NA NA 64 96 4 500000 NA NA 12 156 4 1 0.96820587 0.03179413 0.99999994 1.0 0.17701857 2.4980273 2.262723 0.02699424 0.015266952 0.02372247 0.034866262 0.17701857 0.025593748 0.01326316 0.028312063 0.5624095 0.040885348 0.029724075 0.0219435 0.17701857 2.4980273 2.262723 
29 6 15 "6" NA 0 0 1 0 NA 0 12 0 NA NA 60 96 4 500000 NA NA 12 168 4 1 0.79224867 0.2077514 1.0 1.0 0.05731583 4.1249228 3.2048063 0.05731583 0.075725555 0.056570154 0.05619635 0.014982276 0.09566372 0.052801885 0.080802195 0.31623086 0.07614043 0.06822153 0.049349155 0.05731583 4.1249228 3.2048063 
29 6 16 "6" NA 0 0 1 0 NA 0 12 0 NA NA 70 96 4 500000 NA NA 12 180 3 1 0.6692074 0.33079252 1.0 1.0 0.051391203 4.282335 3.434422 0.047951035 0.07615861 0.07038618 0.108256996 0.062140938 0.0643693 0.0643693 0.055881146 0.0643693 0.14453526 0.051391203 0.19019078 0.051391203 4.282335 3.434422 
29 6 17 "6" NA 0 0 1 0 NA 0 12 0 NA NA 63 96 4 500000 NA NA 12 192 3 1 0.6650856 0.33491445 1.0 1.0 0.063445985 3.9783275 3.4457045 0.06589025 0.06107934 0.07029582 0.063445985 0.076888606 0.07029582 0.13973612 0.07682439 0.051098503 0.0746803 0.052609492 0.19715542 0.063445985 3.9783275 3.4457045 
29 6 18 "6" NA 0 0 1 0 NA 0 12 0 NA NA 66 96 4 500000 NA NA 12 204 3 1 0.6409307 0.35906938 0.99999994 1.0 0.06770826 3.8845243 3.4718244 0.07006555 0.17573245 0.06133854 0.051524535 0.065712206 0.10450266 0.06770826 0.13783942 0.06770826 0.065623716 0.0666207 0.065623716 0.06770826 3.8845243 3.4718244 
29 6 19 "6" NA 0 0 1 0 NA 0 12 0 NA NA 68 96 4 500000 NA NA 12 216 3 1 0.6073594 0.39264062 1.0 1.0 0.1589911 2.6529822 3.4890318 0.089626715 0.06844654 0.05916307 0.06322059 0.1446402 0.090976186 0.073809855 0.054353084 0.1589911 0.0643764 0.06617132 0.06622501 0.1589911 2.6529822 3.4890318 
29 6 20 "6" NA 0 0 1 0 NA 0 12 0 NA NA 69 96 4 500000 NA NA 12 228 4 1 0.75713176 0.24286821 1.0 1.0 0.048828386 4.3561363 3.2308211 0.049851485 0.043489993 0.10799384 0.046663567 0.050526038 0.06572946 0.16364887 0.10386201 0.017254192 0.048828386 0.04660601 0.25554612 0.048828386 4.3561363 3.2308211 
29 6 21 "6" NA 0 0 1 0 NA 0 12 0 NA NA 62 96 4 500000 NA NA 12 240 3 1 0.62747353 0.37252644 1.0 1.0 0.05938794 4.073686 3.4761426 0.055913504 0.10174308 0.05938794 0.08202185 0.09711122 0.07376136 0.10209184 0.17821698 0.06906228 0.036570657 0.064316906 0.07980245 0.05938794 4.073686 3.4761426 
29 6 22 "6" NA 0 0 1 0 NA 0 12 0 NA NA 67 96 4 500000 NA NA 12 252 3 1 0.8174239 0.18257618 1.0 1.0 0.052772556 4.2440686 3.0898461 0.071421154 0.04016633 0.01530417 0.05540578 0.054597892 0.31268463 0.04888933 0.052772556 0.06094261 0.0424924 0.19437201 0.050951168 0.052772556 4.2440686 3.0898461 
29 6 23 "6" NA 0 0 1 0 NA 0 12 0 NA NA 65 96 4 500000 NA NA 12 264 3 1 0.6002314 0.3997686 1.0 1.0 0.10113159 3.3056943 3.4769351 0.07696247 0.054579392 0.067352146 0.064538814 0.11978597 0.10113159 0.06740916 0.027701182 0.070932165 0.07689769 0.13470633 0.13800316 0.10113159 3.3056943 3.4769351 
29 6 24 "6" NA 0 0 1 0 NA 0 12 0 NA NA 66 96 4 500000 NA NA 12 276 4 1 0.7989084 0.20109151 0.99999994 1.0 0.11600174 3.1077814 3.1264756 0.043189444 0.06949815 0.06588779 0.0313493 0.04431676 0.019096069 0.11600174 0.043153536 0.10479391 0.071409315 0.33162057 0.059683442 0.11600174 3.1077814 3.1264756 
29 6 25 "6" NA 0 0 1 0 NA 0 12 0 NA NA 68 96 4 500000 NA NA 12 288 4 1 0.68309283 0.31690717 1.0 0.99999994 0.16489404 2.6003888 3.3067374 0.058789738 0.042256262 0.06582185 0.06276709 0.23753044 0.040041875 0.042874116 0.06201877 0.16489404 0.048358038 0.11411063 0.060537163 0.16489404 2.6003888 3.3067374 
29 6 26 "6" NA 0 0 1 0 NA 0 12 0 NA NA 71 96 4 500000 NA NA 12 300 4 2 0.47686738 0.52313256 1.0 1.0 0.07857882 3.6697156 3.4706087 0.13405423 0.05265812 0.07300844 0.060757965 0.08185075 0.06505051 0.117355615 0.09054724 0.032468516 0.15295896 0.060710758 0.07857882 0.07857882 3.6697156 3.4706087 
29 6 27 "6" NA 0 0 1 0 NA 0 12 0 NA NA 64 96 4 500000 NA NA 12 312 4 1 0.78788567 0.21211432 1.0 1.0 0.06277203 3.9937344 3.1325796 0.049839493 0.14971192 0.32985115 0.06048345 0.06277203 0.06575062 0.03651446 0.043643486 0.047358062 0.057135742 0.0697171 0.027222466 0.06277203 3.9937344 3.1325796 
29 6 28 "6" NA 0 0 1 0 NA 0 12 0 NA NA 62 96 4 500000 NA NA 12 324 4 1 0.53718734 0.46281263 1.0 1.0 0.08485729 3.5588174 3.5286257 0.096359804 0.07367227 0.08485729 0.07427016 0.13457997 0.0848686 0.061325755 0.06804024 0.058713835 0.07427016 0.12915252 0.05988943 0.08485729 3.5588174 3.5286257 
29 6 29 "6" NA 0 0 1 0 NA 0 12 0 NA NA 70 96 4 500000 NA NA 12 336 4 1 0.84392214 0.15607788 1.0 1.0 0.035523575 4.815079 2.8258011 0.020705895 0.023816055 0.00563711 0.12965283 0.019333463 0.10419945 0.08520165 0.10832684 0.03602258 0.39217287 0.035523575 0.039407693 0.035523575 4.815079 2.8258011 
29 6 30 "6" NA 0 0 1 0 NA 0 12 0 NA NA 69 96 4 500000 NA NA 12 348 3 1 0.61521393 0.38478604 1.0 1.0 0.113079295 3.1445935 3.4463277 0.141437 0.047536656 0.0517225 0.087382056 0.061736725 0.06007853 0.065464966 0.08237782 0.17622907 0.113079295 0.04957306 0.06338221 0.113079295 3.1445935 3.4463277 
29 6 31 "6" NA 0 0 1 0 NA 0 12 0 NA NA 63 96 4 500000 NA NA 12 360 4 1 0.6087882 0.39121187 1.0 1.0 0.14519346 2.7839515 3.4717395 0.09492009 0.07675842 0.090656646 0.14519346 0.06141692 0.07519771 0.060484324 0.081597954 0.074832834 0.03680985 0.04667429 0.15545745 0.14519346 2.7839515 3.4717395 
29 6 32 "6" NA 0 0 1 0 NA 0 12 0 NA NA 61 96 4 500000 NA NA 12 372 5 1 0.6301688 0.36983123 1.0 1.0 0.047736432 4.3887653 3.4083867 0.069683895 0.047736432 0.07870038 0.047568567 0.09416376 0.19161496 0.1630862 0.04764578 0.054839574 0.061646935 0.08322 0.060093477 0.047736432 4.3887653 3.4083867 
