dataset.id melody.id note.id melody.name vertint12 articulation comma voice ornament dyn phrase bioi deltast accidental mpitch cpitch barlength pulses tempo mode keysig dur onset cpitch.order.stm.cpint-cpitch cpitch.weight.stm.cpint-cpitch cpitch.probability cpitch.information.content cpitch.entropy cpitch.59 cpitch.60 cpitch.62 cpitch.63 cpitch.64 cpitch.65 cpitch.66 cpitch.67 cpitch.68 cpitch.69 cpitch.70 cpitch.71 cpitch.72 cpitch.74 cpitch.75 cpitch.76 cpitch.77 cpitch.79 cpitch.84 probability information.content entropy 
8 1 1 "1" NA 0 0 1 0 NA 0 0 0 NA NA 60 96 4 500000 NA NA 12 0 0 1.0 0.05263158 4.2479277 4.2479277 0.05263158 0.05263158 0.05263158 0.05263158 0.05263158 0.05263158 0.05263158 0.05263158 0.05263158 0.05263158 0.05263158 0.05263158 0.05263158 0.05263158 0.05263158 0.05263158 0.05263158 0.05263158 0.05263158 0.05263158 4.2479277 4.2479277 
8 1 2 "1" NA 0 0 1 0 NA 0 12 0 NA NA 64 96 4 500000 NA NA 12 12 0 1.0 0.05263157 4.2479277 4.2479267 0.05263157 0.05263157 0.05263157 0.05263157 0.05263157 0.05263157 0.05263157 0.05263157 0.05263157 0.05263157 0.05263157 0.05263157 0.05263157 0.05263157 0.05263157 0.05263157 0.05263157 0.05263157 0.05263157 0.05263157 4.2479277 4.2479267 
8 1 3 "1" NA 0 0 1 0 NA 0 12 0 NA NA 63 96 4 500000 NA NA 12 24 0 1.0 0.05263157 4.2479277 4.2479267 0.05263157 0.05263157 0.05263157 0.05263157 0.05263157 0.05263157 0.05263157 0.05263157 0.05263157 0.05263157 0.05263157 0.05263157 0.05263157 0.05263157 0.05263157 0.05263157 0.05263157 0.05263157 0.05263157 0.05263157 4.2479277 4.2479267 
8 1 4 "1" NA 0 0 1 0 NA 0 12 0 NA NA 64 96 4 500000 NA NA 12 36 0 1.0 0.05263157 4.2479277 4.2479267 0.05263157 0.05263157 0.05263157 0.05263157 0.05263157 0.05263157 0.05263157 0.05263157 0.05263157 0.05263157 0.05263157 0.05263157 0.05263157 0.05263157 0.05263157 0.05263157 0.05263157 0.05263157 0.05263157 0.05263157 4.2479277 4.2479267 
8 1 5 "1" NA 0 0 1 0 NA 0 12 0 NA NA 67 96 4 500000 NA NA 12 48 0 1.0 0.035087716 4.8328905 3.5830898 0.035087716 0.035087716 0.035087716 0.36842105 0.035087716 0.035087716 0.035087716 0.035087716 0.035087716 0.035087716 0.035087716 0.035087716 0.035087716 0.035087716 0.035087716 0.035087716 0.035087716 0.035087716 0.035087716 0.035087716 4.8328905 3.5830898 
8 1 6 "1" NA 0 0 1 0 NA 0 12 0 NA NA 66 96 4 500000 NA NA 12 60 0 1.0 0.05263157 4.2479277 4.2479267 0.05263157 0.05263157 0.05263157 0.05263157 0.05263157 0.05263157 0.05263157 0.05263157 0.05263157 0.05263157 0.05263157 0.05263157 0.05263157 0.05263157 0.05263157 0.05263157 0.05263157 0.05263157 0.05263157 0.05263157 4.2479277 4.2479267 
8 1 7 "1" NA 0 0 1 0 NA 0 12 0 NA NA 67 96 4 500000 NA NA 12 72 0 1.0 0.05263157 4.2479277 4.2479267 0.05263157 0.05263157 0.05263157 0.05263157 0.05263157 0.05263157 0.05263157 0.05263157 0.05263157 0.05263157 0.05263157 0.05263157 0.05263157 0.05263157 0.05263157 0.05263157 0.05263157 0.05263157 0.05263157 0.05263157 4.2479277 4.2479267 
8 1 8 "1" NA 0 0 1 0 NA 0 12 0 NA NA 69 96 4 500000 NA NA 12 84 0 1.0 0.035087716 4.8328905 3.5830898 0.035087716 0.035087716 0.035087716 0.035087716 0.035087716 0.035087716 0.36842105 0.035087716 0.035087716 0.035087716 0.035087716 0.035087716 0.035087716 0.035087716 0.035087716 0.035087716 0.035087716 0.035087716 0.035087716 0.035087716 4.8328905 3.5830898 
8 1 9 "1" NA 0 0 1 0 NA 0 12 0 NA NA 67 96 4 500000 NA NA 12 96 0 1.0 0.05263157 4.2479277 4.2479267 0.05263157 0.05263157 0.05263157 0.05263157 0.05263157 0.05263157 0.05263157 0.05263157 0.05263157 0.05263157 0.05263157 0.05263157 0.05263157 0.05263157 0.05263157 0.05263157 0.05263157 0.05263157 0.05263157 0.05263157 4.2479277 4.2479267 
8 1 10 "1" NA 0 0 1 0 NA 0 12 0 NA NA 76 96 4 500000 NA NA 12 108 0 0.99999994 0.03225806 4.9541965 3.6863575 0.03225806 0.03225806 0.03225806 0.03225806 0.03225806 0.03225806 0.2258064 0.03225806 0.03225806 0.2258064 0.03225806 0.03225806 0.03225806 0.03225806 0.03225806 0.03225806 0.03225806 0.03225806 0.03225806 0.03225806 4.9541965 3.6863575 
8 1 11 "1" NA 0 0 1 0 NA 0 12 0 NA NA 74 96 4 500000 NA NA 12 120 0 1.0 0.05263157 4.2479277 4.2479267 0.05263157 0.05263157 0.05263157 0.05263157 0.05263157 0.05263157 0.05263157 0.05263157 0.05263157 0.05263157 0.05263157 0.05263157 0.05263157 0.05263157 0.05263157 0.05263157 0.05263157 0.05263157 0.05263157 0.05263157 4.2479277 4.2479267 
8 1 12 "1" NA 0 0 1 0 NA 0 12 0 NA NA 72 96 4 500000 NA NA 12 132 0 1.0 0.05263157 4.2479277 4.2479267 0.05263157 0.05263157 0.05263157 0.05263157 0.05263157 0.05263157 0.05263157 0.05263157 0.05263157 0.05263157 0.05263157 0.05263157 0.05263157 0.05263157 0.05263157 0.05263157 0.05263157 0.05263157 0.05263157 0.05263157 4.2479277 4.2479267 
8 1 13 "1" NA 0 0 1 0 NA 0 12 0 NA NA 71 96 4 500000 NA NA 12 144 0 1.0 0.05263157 4.2479277 4.2479267 0.05263157 0.05263157 0.05263157 0.05263157 0.05263157 0.05263157 0.05263157 0.05263157 0.05263157 0.05263157 0.05263157 0.05263157 0.05263157 0.05263157 0.05263157 0.05263157 0.05263157 0.05263157 0.05263157 0.05263157 4.2479277 4.2479267 
8 1 14 "1" NA 0 0 1 0 NA 0 12 0 NA NA 69 96 4 500000 NA NA 12 156 0 1.0 0.05263157 4.2479277 4.2479267 0.05263157 0.05263157 0.05263157 0.05263157 0.05263157 0.05263157 0.05263157 0.05263157 0.05263157 0.05263157 0.05263157 0.05263157 0.05263157 0.05263157 0.05263157 0.05263157 0.05263157 0.05263157 0.05263157 0.05263157 4.2479277 4.2479267 
8 1 15 "1" NA 0 0 1 0 NA 0 12 0 NA NA 67 96 4 500000 NA NA 12 168 0 1.0 0.36842105 1.4405726 3.5830898 0.035087716 0.035087716 0.035087716 0.035087716 0.035087716 0.035087716 0.035087716 0.36842105 0.035087716 0.035087716 0.035087716 0.035087716 0.035087716 0.035087716 0.035087716 0.035087716 0.035087716 0.035087716 0.035087716 0.36842105 1.4405726 3.5830898 
8 1 16 "1" NA 0 0 1 0 NA 0 12 0 NA NA 65 96 4 500000 NA NA 12 180 1 0.99999994 0.022471908 5.4757338 3.224543 0.022471908 0.022471908 0.022471908 0.022471908 0.022471908 0.022471908 0.11797752 0.022471908 0.022471908 0.11797752 0.022471908 0.022471908 0.022471908 0.022471908 0.022471908 0.4044944 0.022471908 0.022471908 0.022471908 0.022471908 5.4757338 3.224543 
8 1 17 "1" NA 0 0 1 0 NA 0 12 0 NA NA 64 96 4 500000 NA NA 12 192 0 1.0 0.05263157 4.2479277 4.2479267 0.05263157 0.05263157 0.05263157 0.05263157 0.05263157 0.05263157 0.05263157 0.05263157 0.05263157 0.05263157 0.05263157 0.05263157 0.05263157 0.05263157 0.05263157 0.05263157 0.05263157 0.05263157 0.05263157 0.05263157 4.2479277 4.2479267 
8 1 18 "1" NA 0 0 1 0 NA 0 12 0 NA NA 72 96 4 500000 NA NA 12 204 0 0.99999994 0.03225806 4.9541965 3.6863575 0.03225806 0.03225806 0.03225806 0.2258064 0.03225806 0.03225806 0.03225806 0.2258064 0.03225806 0.03225806 0.03225806 0.03225806 0.03225806 0.03225806 0.03225806 0.03225806 0.03225806 0.03225806 0.03225806 0.03225806 4.9541965 3.6863575 
8 1 19 "1" NA 0 0 1 0 NA 0 12 0 NA NA 67 96 4 500000 NA NA 12 216 0 1.0 0.035087716 4.8328905 3.5830898 0.035087716 0.035087716 0.035087716 0.035087716 0.035087716 0.035087716 0.035087716 0.035087716 0.035087716 0.035087716 0.035087716 0.36842105 0.035087716 0.035087716 0.035087716 0.035087716 0.035087716 0.035087716 0.035087716 0.035087716 4.8328905 3.5830898 
8 1 20 "1" NA 0 0 1 0 NA 0 12 0 NA NA 64 96 4 500000 NA NA 12 228 0 1.0 0.031446543 4.990955 3.8971648 0.031446543 0.031446543 0.031446543 0.031446543 0.031446543 0.13207549 0.13207549 0.031446543 0.031446543 0.13207549 0.031446543 0.031446543 0.031446543 0.031446543 0.031446543 0.13207549 0.031446543 0.031446543 0.031446543 0.031446543 4.990955 3.8971648 
8 1 21 "1" NA 0 0 1 0 NA 0 12 0 NA NA 63 96 4 500000 NA NA 12 240 0 1.0 0.16535434 2.5963671 3.8019452 0.031496063 0.031496063 0.031496063 0.16535434 0.031496063 0.031496063 0.031496063 0.16535434 0.031496063 0.031496063 0.031496063 0.031496063 0.16535434 0.031496063 0.031496063 0.031496063 0.031496063 0.031496063 0.031496063 0.16535434 2.5963671 3.8019452 
8 1 22 "1" NA 0 0 1 0 NA 0 12 0 NA NA 64 96 4 500000 NA NA 12 252 1 1.0 0.36842105 1.4405726 3.5830898 0.035087716 0.035087716 0.035087716 0.035087716 0.36842105 0.035087716 0.035087716 0.035087716 0.035087716 0.035087716 0.035087716 0.035087716 0.035087716 0.035087716 0.035087716 0.035087716 0.035087716 0.035087716 0.035087716 0.36842105 1.4405726 3.5830898 
8 1 23 "1" NA 0 0 1 0 NA 0 12 0 NA NA 67 96 4 500000 NA NA 12 264 1 0.99999994 0.40449437 1.3058084 3.2245429 0.022471907 0.022471907 0.022471907 0.117977515 0.022471907 0.022471907 0.022471907 0.40449437 0.022471907 0.022471907 0.022471907 0.022471907 0.117977515 0.022471907 0.022471907 0.022471907 0.022471907 0.022471907 0.022471907 0.40449437 1.3058084 3.2245429 
8 1 24 "1" NA 0 0 1 0 NA 0 12 0 NA NA 64 96 4 500000 NA NA 12 276 1 1.0 0.07954547 3.6520762 3.4298193 0.022727279 0.022727279 0.022727279 0.022727279 0.07954547 0.07954547 0.36363643 0.022727279 0.022727279 0.07954547 0.022727279 0.022727279 0.022727279 0.022727279 0.022727279 0.07954547 0.022727279 0.022727279 0.022727279 0.07954547 3.6520762 3.4298193 
8 1 25 "1" NA 0 0 1 0 NA 0 12 0 NA NA 60 96 4 500000 NA NA 12 288 1 0.99999994 0.022471908 5.4757338 3.224543 0.022471908 0.022471908 0.022471908 0.4044944 0.022471908 0.022471908 0.022471908 0.11797752 0.022471908 0.022471908 0.022471908 0.022471908 0.11797752 0.022471908 0.022471908 0.022471908 0.022471908 0.022471908 0.022471908 0.022471908 5.4757338 3.224543 
8 1 26 "1" NA 0 0 1 0 NA 0 12 0 NA NA 59 96 4 500000 NA NA 12 300 0 1.0 0.035087716 4.8328905 3.5830898 0.035087716 0.035087716 0.035087716 0.035087716 0.36842105 0.035087716 0.035087716 0.035087716 0.035087716 0.035087716 0.035087716 0.035087716 0.035087716 0.035087716 0.035087716 0.035087716 0.035087716 0.035087716 0.035087716 0.035087716 4.8328905 3.5830898 
8 1 27 "1" NA 0 0 1 0 NA 0 12 0 NA NA 60 96 4 500000 NA NA 12 312 0 1.0 0.05263157 4.2479277 4.2479267 0.05263157 0.05263157 0.05263157 0.05263157 0.05263157 0.05263157 0.05263157 0.05263157 0.05263157 0.05263157 0.05263157 0.05263157 0.05263157 0.05263157 0.05263157 0.05263157 0.05263157 0.05263157 0.05263157 0.05263157 4.2479277 4.2479267 
8 1 28 "1" NA 0 0 1 0 NA 0 12 0 NA NA 62 96 4 500000 NA NA 12 324 0 1.0 0.032258056 4.9541965 3.686357 0.22580637 0.032258056 0.032258056 0.032258056 0.22580637 0.032258056 0.032258056 0.032258056 0.032258056 0.032258056 0.032258056 0.032258056 0.032258056 0.032258056 0.032258056 0.032258056 0.032258056 0.032258056 0.032258056 0.032258056 4.9541965 3.686357 
8 1 29 "1" NA 0 0 1 0 NA 0 12 0 NA NA 60 96 4 500000 NA NA 12 336 0 1.0 0.05263157 4.2479277 4.2479267 0.05263157 0.05263157 0.05263157 0.05263157 0.05263157 0.05263157 0.05263157 0.05263157 0.05263157 0.05263157 0.05263157 0.05263157 0.05263157 0.05263157 0.05263157 0.05263157 0.05263157 0.05263157 0.05263157 0.05263157 4.2479277 4.2479267 
8 1 30 "1" NA 0 0 1 0 NA 0 12 0 NA NA 64 96 4 500000 NA NA 12 348 0 1.0 0.16535434 2.5963671 3.8019457 0.16535434 0.031496063 0.16535434 0.031496063 0.16535434 0.031496063 0.031496063 0.031496063 0.031496063 0.031496063 0.031496063 0.031496063 0.031496063 0.031496063 0.031496063 0.031496063 0.031496063 0.031496063 0.031496063 0.16535434 2.5963671 3.8019457 
8 1 31 "1" NA 0 0 1 0 NA 0 12 0 NA NA 67 96 4 500000 NA NA 12 360 1 0.99999994 0.09417038 3.408583 3.3360612 0.02242152 0.09417038 0.02242152 0.38116586 0.02242152 0.02242152 0.02242152 0.09417038 0.02242152 0.02242152 0.02242152 0.02242152 0.09417038 0.02242152 0.02242152 0.02242152 0.02242152 0.02242152 0.02242152 0.09417038 3.408583 3.3360612 
8 1 32 "1" NA 0 0 1 0 NA 0 12 0 NA NA 64 96 4 500000 NA NA 12 372 1 1.0 0.28301892 1.8210295 3.357677 0.018867929 0.018867929 0.018867929 0.018867929 0.28301892 0.075471714 0.22641511 0.018867929 0.018867929 0.075471714 0.018867929 0.018867929 0.018867929 0.018867929 0.018867929 0.075471714 0.018867929 0.018867929 0.018867929 0.28301892 1.8210295 3.357677 
8 2 1 "2" NA 0 0 1 0 NA 0 0 0 NA NA 79 96 4 500000 NA NA 12 0 0 1.0 0.05263158 4.2479277 4.2479277 0.05263158 0.05263158 0.05263158 0.05263158 0.05263158 0.05263158 0.05263158 0.05263158 0.05263158 0.05263158 0.05263158 0.05263158 0.05263158 0.05263158 0.05263158 0.05263158 0.05263158 0.05263158 0.05263158 0.05263158 4.2479277 4.2479277 
8 2 2 "2" NA 0 0 1 0 NA 0 12 0 NA NA 76 96 4 500000 NA NA 12 12 0 1.0 0.05263157 4.2479277 4.2479267 0.05263157 0.05263157 0.05263157 0.05263157 0.05263157 0.05263157 0.05263157 0.05263157 0.05263157 0.05263157 0.05263157 0.05263157 0.05263157 0.05263157 0.05263157 0.05263157 0.05263157 0.05263157 0.05263157 0.05263157 4.2479277 4.2479267 
8 2 3 "2" NA 0 0 1 0 NA 0 12 0 NA NA 77 96 4 500000 NA NA 12 24 0 1.0 0.05263157 4.2479277 4.2479267 0.05263157 0.05263157 0.05263157 0.05263157 0.05263157 0.05263157 0.05263157 0.05263157 0.05263157 0.05263157 0.05263157 0.05263157 0.05263157 0.05263157 0.05263157 0.05263157 0.05263157 0.05263157 0.05263157 0.05263157 4.2479277 4.2479267 
8 2 4 "2" NA 0 0 1 0 NA 0 12 0 NA NA 74 96 4 500000 NA NA 12 36 0 1.0 0.05263157 4.2479277 4.2479267 0.05263157 0.05263157 0.05263157 0.05263157 0.05263157 0.05263157 0.05263157 0.05263157 0.05263157 0.05263157 0.05263157 0.05263157 0.05263157 0.05263157 0.05263157 0.05263157 0.05263157 0.05263157 0.05263157 0.05263157 4.2479277 4.2479267 
8 2 5 "2" NA 0 0 1 0 NA 0 12 0 NA NA 72 96 4 500000 NA NA 12 48 0 1.0 0.05263157 4.2479277 4.2479267 0.05263157 0.05263157 0.05263157 0.05263157 0.05263157 0.05263157 0.05263157 0.05263157 0.05263157 0.05263157 0.05263157 0.05263157 0.05263157 0.05263157 0.05263157 0.05263157 0.05263157 0.05263157 0.05263157 0.05263157 4.2479277 4.2479267 
8 2 6 "2" NA 0 0 1 0 NA 0 12 0 NA NA 67 96 4 500000 NA NA 12 60 0 1.0 0.05263157 4.2479277 4.2479267 0.05263157 0.05263157 0.05263157 0.05263157 0.05263157 0.05263157 0.05263157 0.05263157 0.05263157 0.05263157 0.05263157 0.05263157 0.05263157 0.05263157 0.05263157 0.05263157 0.05263157 0.05263157 0.05263157 0.05263157 4.2479277 4.2479267 
8 2 7 "2" NA 0 0 1 0 NA 0 12 0 NA NA 72 96 4 500000 NA NA 12 72 0 1.0 0.05263157 4.2479277 4.2479267 0.05263157 0.05263157 0.05263157 0.05263157 0.05263157 0.05263157 0.05263157 0.05263157 0.05263157 0.05263157 0.05263157 0.05263157 0.05263157 0.05263157 0.05263157 0.05263157 0.05263157 0.05263157 0.05263157 0.05263157 4.2479277 4.2479267 
8 2 8 "2" NA 0 0 1 0 NA 0 12 0 NA NA 74 96 4 500000 NA NA 12 84 0 1.0 0.035087716 4.8328905 3.5830898 0.035087716 0.035087716 0.035087716 0.035087716 0.035087716 0.035087716 0.035087716 0.36842105 0.035087716 0.035087716 0.035087716 0.035087716 0.035087716 0.035087716 0.035087716 0.035087716 0.035087716 0.035087716 0.035087716 0.035087716 4.8328905 3.5830898 
8 2 9 "2" NA 0 0 1 0 NA 0 12 0 NA NA 76 96 4 500000 NA NA 12 96 0 1.0 0.035087716 4.8328905 3.5830898 0.035087716 0.035087716 0.035087716 0.035087716 0.035087716 0.035087716 0.035087716 0.035087716 0.035087716 0.035087716 0.035087716 0.035087716 0.36842105 0.035087716 0.035087716 0.035087716 0.035087716 0.035087716 0.035087716 0.035087716 4.8328905 3.5830898 
8 2 10 "2" NA 0 0 1 0 NA 0 12 0 NA NA 74 96 4 500000 NA NA 12 108 0 1.0 0.035087716 4.8328905 3.5830898 0.035087716 0.035087716 0.035087716 0.035087716 0.035087716 0.035087716 0.035087716 0.035087716 0.035087716 0.035087716 0.035087716 0.035087716 0.035087716 0.035087716 0.035087716 0.035087716 0.36842105 0.035087716 0.035087716 0.035087716 4.8328905 3.5830898 
8 2 11 "2" NA 0 0 1 0 NA 0 12 0 NA NA 76 96 4 500000 NA NA 12 120 0 1.0 0.22580643 2.1468415 3.686358 0.032258064 0.032258064 0.032258064 0.032258064 0.032258064 0.032258064 0.032258064 0.032258064 0.032258064 0.032258064 0.032258064 0.032258064 0.22580643 0.032258064 0.032258064 0.22580643 0.032258064 0.032258064 0.032258064 0.22580643 2.1468415 3.686358 
8 2 12 "2" NA 0 0 1 0 NA 0 12 0 NA NA 77 96 4 500000 NA NA 12 132 1 1.0 0.16279067 2.61891 3.0922618 0.02325581 0.02325581 0.02325581 0.02325581 0.02325581 0.02325581 0.02325581 0.02325581 0.02325581 0.02325581 0.02325581 0.02325581 0.02325581 0.44186044 0.02325581 0.02325581 0.16279067 0.02325581 0.02325581 0.16279067 2.61891 3.0922618 
8 2 13 "2" NA 0 0 1 0 NA 0 12 0 NA NA 79 96 4 500000 NA NA 12 144 1 1.0 0.035087716 4.8328905 3.5830898 0.035087716 0.035087716 0.035087716 0.035087716 0.035087716 0.035087716 0.035087716 0.035087716 0.035087716 0.035087716 0.035087716 0.035087716 0.035087716 0.36842105 0.035087716 0.035087716 0.035087716 0.035087716 0.035087716 0.035087716 4.8328905 3.5830898 
8 2 14 "2" NA 0 0 1 0 NA 0 12 0 NA NA 84 96 4 500000 NA NA 12 156 0 1.0 0.035087716 4.8328905 3.5830898 0.035087716 0.035087716 0.035087716 0.035087716 0.035087716 0.035087716 0.035087716 0.035087716 0.035087716 0.035087716 0.035087716 0.035087716 0.035087716 0.035087716 0.035087716 0.36842105 0.035087716 0.035087716 0.035087716 0.035087716 4.8328905 3.5830898 
8 2 15 "2" NA 0 0 1 0 NA 0 12 0 NA NA 79 96 4 500000 NA NA 12 168 0 1.0 0.05263157 4.2479277 4.2479267 0.05263157 0.05263157 0.05263157 0.05263157 0.05263157 0.05263157 0.05263157 0.05263157 0.05263157 0.05263157 0.05263157 0.05263157 0.05263157 0.05263157 0.05263157 0.05263157 0.05263157 0.05263157 0.05263157 0.05263157 4.2479277 4.2479267 
8 2 16 "2" NA 0 0 1 0 NA 0 12 0 NA NA 77 96 4 500000 NA NA 12 180 0 1.0 0.032258064 4.954196 3.686358 0.032258064 0.032258064 0.032258064 0.032258064 0.032258064 0.032258064 0.032258064 0.032258064 0.032258064 0.032258064 0.032258064 0.032258064 0.032258064 0.032258064 0.032258064 0.22580643 0.032258064 0.032258064 0.22580643 0.032258064 4.954196 3.686358 
8 2 17 "2" NA 0 0 1 0 NA 0 12 0 NA NA 79 96 4 500000 NA NA 12 192 0 1.0 0.22580643 2.1468415 3.686358 0.032258064 0.032258064 0.032258064 0.032258064 0.032258064 0.032258064 0.032258064 0.032258064 0.032258064 0.032258064 0.032258064 0.032258064 0.032258064 0.22580643 0.032258064 0.032258064 0.032258064 0.22580643 0.032258064 0.22580643 2.1468415 3.686358 
8 2 18 "2" NA 0 0 1 0 NA 0 12 0 NA NA 76 96 4 500000 NA NA 12 204 1 0.99999994 0.11797752 3.083416 3.224543 0.022471908 0.022471908 0.022471908 0.022471908 0.022471908 0.022471908 0.022471908 0.022471908 0.022471908 0.022471908 0.022471908 0.022471908 0.022471908 0.022471908 0.022471908 0.11797752 0.11797752 0.022471908 0.4044944 0.11797752 3.083416 3.224543 
8 2 19 "2" NA 0 0 1 0 NA 0 12 0 NA NA 77 96 4 500000 NA NA 12 216 1 0.99999994 0.5462185 0.8724498 2.5932002 0.01680672 0.01680672 0.01680672 0.01680672 0.01680672 0.01680672 0.01680672 0.01680672 0.01680672 0.01680672 0.01680672 0.01680672 0.01680672 0.16806722 0.01680672 0.01680672 0.5462185 0.01680672 0.01680672 0.5462185 0.8724498 2.5932002 
8 2 20 "2" NA 0 0 1 0 NA 0 12 0 NA NA 74 96 4 500000 NA NA 12 228 2 1.0 0.44186044 1.1783373 3.0922618 0.02325581 0.02325581 0.02325581 0.02325581 0.02325581 0.02325581 0.02325581 0.02325581 0.02325581 0.02325581 0.02325581 0.02325581 0.02325581 0.44186044 0.02325581 0.02325581 0.02325581 0.16279067 0.02325581 0.44186044 1.1783373 3.0922618 
8 2 21 "2" NA 0 0 1 0 NA 0 12 0 NA NA 72 96 4 500000 NA NA 12 240 1 1.0 0.44186044 1.1783373 3.0922616 0.02325581 0.02325581 0.02325581 0.02325581 0.02325581 0.02325581 0.02325581 0.02325581 0.02325581 0.02325581 0.02325581 0.02325581 0.44186044 0.02325581 0.02325581 0.16279067 0.02325581 0.02325581 0.02325581 0.44186044 1.1783373 3.0922616 
8 2 22 "2" NA 0 0 1 0 NA 0 12 0 NA NA 76 96 4 500000 NA NA 12 252 1 1.0 0.02325581 5.426265 3.0922616 0.02325581 0.02325581 0.02325581 0.02325581 0.02325581 0.02325581 0.02325581 0.44186044 0.02325581 0.02325581 0.02325581 0.02325581 0.02325581 0.16279067 0.02325581 0.02325581 0.02325581 0.02325581 0.02325581 0.02325581 5.426265 3.0922616 
8 2 23 "2" NA 0 0 1 0 NA 0 12 0 NA NA 72 96 4 500000 NA NA 12 264 0 1.0 0.021739127 5.5235624 3.0468242 0.021739127 0.021739127 0.021739127 0.021739127 0.021739127 0.021739127 0.021739127 0.021739127 0.021739127 0.021739127 0.021739127 0.021739127 0.021739127 0.21739131 0.021739127 0.021739127 0.4130435 0.021739127 0.021739127 0.021739127 5.5235624 3.0468242 
8 2 24 "2" NA 0 0 1 0 NA 0 12 0 NA NA 67 96 4 500000 NA NA 12 276 0 1.0 0.16535434 2.5963671 3.8019447 0.031496063 0.031496063 0.031496063 0.031496063 0.031496063 0.031496063 0.031496063 0.16535434 0.031496063 0.031496063 0.031496063 0.031496063 0.031496063 0.16535434 0.031496063 0.16535434 0.031496063 0.031496063 0.031496063 0.16535434 2.5963671 3.8019447 
8 2 25 "2" NA 0 0 1 0 NA 0 12 0 NA NA 72 96 4 500000 NA NA 12 288 1 1.0 0.36842105 1.4405726 3.5830898 0.035087716 0.035087716 0.035087716 0.035087716 0.035087716 0.035087716 0.035087716 0.035087716 0.035087716 0.035087716 0.035087716 0.035087716 0.36842105 0.035087716 0.035087716 0.035087716 0.035087716 0.035087716 0.035087716 0.36842105 1.4405726 3.5830898 
8 2 26 "2" NA 0 0 1 0 NA 0 12 0 NA NA 74 96 4 500000 NA NA 12 300 1 0.99999994 0.40449437 1.3058084 3.2245429 0.022471907 0.022471907 0.022471907 0.022471907 0.022471907 0.022471907 0.022471907 0.117977515 0.022471907 0.022471907 0.022471907 0.022471907 0.022471907 0.40449437 0.022471907 0.117977515 0.022471907 0.022471907 0.022471907 0.40449437 1.3058084 3.2245429 
8 2 27 "2" NA 0 0 1 0 NA 0 12 0 NA NA 72 96 4 500000 NA NA 12 312 1 1.0 0.16279067 2.61891 3.0922618 0.02325581 0.02325581 0.02325581 0.02325581 0.02325581 0.02325581 0.02325581 0.02325581 0.02325581 0.02325581 0.02325581 0.02325581 0.16279067 0.02325581 0.02325581 0.44186044 0.02325581 0.02325581 0.02325581 0.16279067 2.61891 3.0922618 
8 2 28 "2" NA 0 0 1 0 NA 0 12 0 NA NA 71 96 4 500000 NA NA 12 324 1 1.0 0.021778582 5.520946 3.3003187 0.021778582 0.021778582 0.021778582 0.021778582 0.021778582 0.021778582 0.021778582 0.2686025 0.021778582 0.021778582 0.021778582 0.021778582 0.021778582 0.11433756 0.021778582 0.2686025 0.021778582 0.021778582 0.021778582 0.021778582 5.520946 3.3003187 
8 2 29 "2" NA 0 0 1 0 NA 0 12 0 NA NA 72 96 4 500000 NA NA 12 336 0 1.0 0.05263157 4.2479277 4.2479267 0.05263157 0.05263157 0.05263157 0.05263157 0.05263157 0.05263157 0.05263157 0.05263157 0.05263157 0.05263157 0.05263157 0.05263157 0.05263157 0.05263157 0.05263157 0.05263157 0.05263157 0.05263157 0.05263157 0.05263157 4.2479277 4.2479267 
8 2 30 "2" NA 0 0 1 0 NA 0 12 0 NA NA 64 96 4 500000 NA NA 12 348 0 0.99999994 0.031446543 4.990955 3.8971646 0.031446543 0.031446543 0.031446543 0.031446543 0.031446543 0.031446543 0.031446543 0.13207549 0.031446543 0.031446543 0.031446543 0.13207549 0.031446543 0.13207549 0.031446543 0.13207549 0.031446543 0.031446543 0.031446543 0.031446543 4.990955 3.8971646 
8 2 31 "2" NA 0 0 1 0 NA 0 12 0 NA NA 67 96 4 500000 NA NA 12 360 0 1.0 0.05263157 4.2479277 4.2479267 0.05263157 0.05263157 0.05263157 0.05263157 0.05263157 0.05263157 0.05263157 0.05263157 0.05263157 0.05263157 0.05263157 0.05263157 0.05263157 0.05263157 0.05263157 0.05263157 0.05263157 0.05263157 0.05263157 0.05263157 4.2479277 4.2479267 
8 2 32 "2" NA 0 0 1 0 NA 0 12 0 NA NA 64 96 4 500000 NA NA 12 372 0 1.0 0.035087716 4.8328905 3.5830898 0.035087716 0.035087716 0.035087716 0.035087716 0.035087716 0.035087716 0.035087716 0.035087716 0.035087716 0.035087716 0.035087716 0.035087716 0.36842105 0.035087716 0.035087716 0.035087716 0.035087716 0.035087716 0.035087716 0.035087716 4.8328905 3.5830898 
8 3 1 "3" NA 0 0 1 0 NA 0 0 0 NA NA 60 96 4 500000 NA NA 12 0 0 1.0 0.05263158 4.2479277 4.2479277 0.05263158 0.05263158 0.05263158 0.05263158 0.05263158 0.05263158 0.05263158 0.05263158 0.05263158 0.05263158 0.05263158 0.05263158 0.05263158 0.05263158 0.05263158 0.05263158 0.05263158 0.05263158 0.05263158 0.05263158 4.2479277 4.2479277 
8 3 2 "3" NA 0 0 1 0 NA 0 12 0 NA NA 64 96 4 500000 NA NA 12 12 0 1.0 0.05263157 4.2479277 4.2479267 0.05263157 0.05263157 0.05263157 0.05263157 0.05263157 0.05263157 0.05263157 0.05263157 0.05263157 0.05263157 0.05263157 0.05263157 0.05263157 0.05263157 0.05263157 0.05263157 0.05263157 0.05263157 0.05263157 0.05263157 4.2479277 4.2479267 
8 3 3 "3" NA 0 0 1 0 NA 0 12 0 NA NA 67 96 4 500000 NA NA 12 24 0 1.0 0.05263157 4.2479277 4.2479267 0.05263157 0.05263157 0.05263157 0.05263157 0.05263157 0.05263157 0.05263157 0.05263157 0.05263157 0.05263157 0.05263157 0.05263157 0.05263157 0.05263157 0.05263157 0.05263157 0.05263157 0.05263157 0.05263157 0.05263157 4.2479277 4.2479267 
8 3 4 "3" NA 0 0 1 0 NA 0 12 0 NA NA 72 96 4 500000 NA NA 12 36 0 1.0 0.05263157 4.2479277 4.2479267 0.05263157 0.05263157 0.05263157 0.05263157 0.05263157 0.05263157 0.05263157 0.05263157 0.05263157 0.05263157 0.05263157 0.05263157 0.05263157 0.05263157 0.05263157 0.05263157 0.05263157 0.05263157 0.05263157 0.05263157 4.2479277 4.2479267 
8 3 5 "3" NA 0 0 1 0 NA 0 12 0 NA NA 71 96 4 500000 NA NA 12 48 0 1.0 0.05263157 4.2479277 4.2479267 0.05263157 0.05263157 0.05263157 0.05263157 0.05263157 0.05263157 0.05263157 0.05263157 0.05263157 0.05263157 0.05263157 0.05263157 0.05263157 0.05263157 0.05263157 0.05263157 0.05263157 0.05263157 0.05263157 0.05263157 4.2479277 4.2479267 
8 3 6 "3" NA 0 0 1 0 NA 0 12 0 NA NA 72 96 4 500000 NA NA 12 60 0 1.0 0.05263157 4.2479277 4.2479267 0.05263157 0.05263157 0.05263157 0.05263157 0.05263157 0.05263157 0.05263157 0.05263157 0.05263157 0.05263157 0.05263157 0.05263157 0.05263157 0.05263157 0.05263157 0.05263157 0.05263157 0.05263157 0.05263157 0.05263157 4.2479277 4.2479267 
8 3 7 "3" NA 0 0 1 0 NA 0 12 0 NA NA 69 96 4 500000 NA NA 12 72 0 1.0 0.035087716 4.8328905 3.5830898 0.035087716 0.035087716 0.035087716 0.035087716 0.035087716 0.035087716 0.035087716 0.035087716 0.035087716 0.035087716 0.035087716 0.36842105 0.035087716 0.035087716 0.035087716 0.035087716 0.035087716 0.035087716 0.035087716 0.035087716 4.8328905 3.5830898 
8 3 8 "3" NA 0 0 1 0 NA 0 12 0 NA NA 71 96 4 500000 NA NA 12 84 0 1.0 0.05263157 4.2479277 4.2479267 0.05263157 0.05263157 0.05263157 0.05263157 0.05263157 0.05263157 0.05263157 0.05263157 0.05263157 0.05263157 0.05263157 0.05263157 0.05263157 0.05263157 0.05263157 0.05263157 0.05263157 0.05263157 0.05263157 0.05263157 4.2479277 4.2479267 
8 3 9 "3" NA 0 0 1 0 NA 0 12 0 NA NA 67 96 4 500000 NA NA 12 96 0 1.0 0.035087716 4.8328905 3.5830898 0.035087716 0.035087716 0.035087716 0.035087716 0.035087716 0.035087716 0.035087716 0.035087716 0.035087716 0.035087716 0.035087716 0.035087716 0.36842105 0.035087716 0.035087716 0.035087716 0.035087716 0.035087716 0.035087716 0.035087716 4.8328905 3.5830898 
8 3 10 "3" NA 0 0 1 0 NA 0 12 0 NA NA 72 96 4 500000 NA NA 12 108 0 1.0 0.36842105 1.4405726 3.5830898 0.035087716 0.035087716 0.035087716 0.035087716 0.035087716 0.035087716 0.035087716 0.035087716 0.035087716 0.035087716 0.035087716 0.035087716 0.36842105 0.035087716 0.035087716 0.035087716 0.035087716 0.035087716 0.035087716 0.36842105 1.4405726 3.5830898 
8 3 11 "3" NA 0 0 1 0 NA 0 12 0 NA NA 76 96 4 500000 NA NA 12 120 1 1.0 0.02325581 5.426265 3.0922613 0.02325581 0.02325581 0.02325581 0.02325581 0.02325581 0.02325581 0.02325581 0.02325581 0.02325581 0.16279067 0.02325581 0.44186044 0.02325581 0.02325581 0.02325581 0.02325581 0.02325581 0.02325581 0.02325581 0.02325581 5.426265 3.0922613 
8 3 12 "3" NA 0 0 1 0 NA 0 12 0 NA NA 79 96 4 500000 NA NA 12 132 0 1.0 0.05263157 4.2479277 4.2479267 0.05263157 0.05263157 0.05263157 0.05263157 0.05263157 0.05263157 0.05263157 0.05263157 0.05263157 0.05263157 0.05263157 0.05263157 0.05263157 0.05263157 0.05263157 0.05263157 0.05263157 0.05263157 0.05263157 0.05263157 4.2479277 4.2479267 
8 3 13 "3" NA 0 0 1 0 NA 0 12 0 NA NA 77 96 4 500000 NA NA 12 144 0 1.0 0.05263157 4.2479277 4.2479267 0.05263157 0.05263157 0.05263157 0.05263157 0.05263157 0.05263157 0.05263157 0.05263157 0.05263157 0.05263157 0.05263157 0.05263157 0.05263157 0.05263157 0.05263157 0.05263157 0.05263157 0.05263157 0.05263157 0.05263157 4.2479277 4.2479267 
8 3 14 "3" NA 0 0 1 0 NA 0 12 0 NA NA 79 96 4 500000 NA NA 12 156 0 1.0 0.05263157 4.2479277 4.2479267 0.05263157 0.05263157 0.05263157 0.05263157 0.05263157 0.05263157 0.05263157 0.05263157 0.05263157 0.05263157 0.05263157 0.05263157 0.05263157 0.05263157 0.05263157 0.05263157 0.05263157 0.05263157 0.05263157 0.05263157 4.2479277 4.2479267 
8 3 15 "3" NA 0 0 1 0 NA 0 12 0 NA NA 76 96 4 500000 NA NA 12 168 0 1.0 0.035087716 4.8328905 3.5830898 0.035087716 0.035087716 0.035087716 0.035087716 0.035087716 0.035087716 0.035087716 0.035087716 0.035087716 0.035087716 0.035087716 0.035087716 0.035087716 0.035087716 0.035087716 0.035087716 0.36842105 0.035087716 0.035087716 0.035087716 4.8328905 3.5830898 
8 3 16 "3" NA 0 0 1 0 NA 0 12 0 NA NA 77 96 4 500000 NA NA 12 180 0 1.0 0.035087716 4.8328905 3.5830898 0.035087716 0.035087716 0.035087716 0.035087716 0.035087716 0.035087716 0.035087716 0.035087716 0.035087716 0.035087716 0.035087716 0.035087716 0.035087716 0.035087716 0.035087716 0.035087716 0.035087716 0.36842105 0.035087716 0.035087716 4.8328905 3.5830898 
8 3 17 "3" NA 0 0 1 0 NA 0 12 0 NA NA 74 96 4 500000 NA NA 12 192 0 1.0 0.035087716 4.8328905 3.5830898 0.035087716 0.035087716 0.035087716 0.035087716 0.035087716 0.035087716 0.035087716 0.035087716 0.035087716 0.035087716 0.035087716 0.035087716 0.035087716 0.035087716 0.035087716 0.035087716 0.035087716 0.36842105 0.035087716 0.035087716 4.8328905 3.5830898 
8 3 18 "3" NA 0 0 1 0 NA 0 12 0 NA NA 72 96 4 500000 NA NA 12 204 0 1.0 0.05263157 4.2479277 4.2479267 0.05263157 0.05263157 0.05263157 0.05263157 0.05263157 0.05263157 0.05263157 0.05263157 0.05263157 0.05263157 0.05263157 0.05263157 0.05263157 0.05263157 0.05263157 0.05263157 0.05263157 0.05263157 0.05263157 0.05263157 4.2479277 4.2479267 
8 3 19 "3" NA 0 0 1 0 NA 0 12 0 NA NA 71 96 4 500000 NA NA 12 216 0 1.0 0.16535434 2.5963671 3.8019447 0.031496063 0.031496063 0.031496063 0.031496063 0.031496063 0.031496063 0.031496063 0.031496063 0.031496063 0.16535434 0.031496063 0.16535434 0.031496063 0.031496063 0.031496063 0.16535434 0.031496063 0.031496063 0.031496063 0.16535434 2.5963671 3.8019447 
8 3 20 "3" NA 0 0 1 0 NA 0 12 0 NA NA 69 96 4 500000 NA NA 12 228 1 1.0 0.02325581 5.426265 3.0922616 0.02325581 0.02325581 0.02325581 0.02325581 0.02325581 0.02325581 0.02325581 0.16279067 0.02325581 0.02325581 0.02325581 0.02325581 0.44186044 0.02325581 0.02325581 0.02325581 0.02325581 0.02325581 0.02325581 0.02325581 5.426265 3.0922616 
8 3 21 "3" NA 0 0 1 0 NA 0 12 0 NA NA 67 96 4 500000 NA NA 12 240 0 1.0 0.035087716 4.8328905 3.5830898 0.035087716 0.035087716 0.035087716 0.035087716 0.035087716 0.035087716 0.035087716 0.035087716 0.035087716 0.035087716 0.035087716 0.36842105 0.035087716 0.035087716 0.035087716 0.035087716 0.035087716 0.035087716 0.035087716 0.035087716 4.8328905 3.5830898 
8 3 22 "3" NA 0 0 1 0 NA 0 12 0 NA NA 65 96 4 500000 NA NA 12 252 0 1.0 0.035087716 4.8328905 3.5830898 0.035087716 0.035087716 0.035087716 0.035087716 0.035087716 0.035087716 0.035087716 0.035087716 0.035087716 0.035087716 0.035087716 0.035087716 0.36842105 0.035087716 0.035087716 0.035087716 0.035087716 0.035087716 0.035087716 0.035087716 4.8328905 3.5830898 
8 3 23 "3" NA 0 0 1 0 NA 0 12 0 NA NA 64 96 4 500000 NA NA 12 264 0 1.0 0.05263157 4.2479277 4.2479267 0.05263157 0.05263157 0.05263157 0.05263157 0.05263157 0.05263157 0.05263157 0.05263157 0.05263157 0.05263157 0.05263157 0.05263157 0.05263157 0.05263157 0.05263157 0.05263157 0.05263157 0.05263157 0.05263157 0.05263157 4.2479277 4.2479267 
8 3 24 "3" NA 0 0 1 0 NA 0 12 0 NA NA 62 96 4 500000 NA NA 12 276 0 1.0 0.035087716 4.8328905 3.5830898 0.035087716 0.035087716 0.035087716 0.035087716 0.035087716 0.035087716 0.035087716 0.36842105 0.035087716 0.035087716 0.035087716 0.035087716 0.035087716 0.035087716 0.035087716 0.035087716 0.035087716 0.035087716 0.035087716 0.035087716 4.8328905 3.5830898 
8 3 25 "3" NA 0 0 1 0 NA 0 12 0 NA NA 60 96 4 500000 NA NA 12 288 0 1.0 0.05263157 4.2479277 4.2479267 0.05263157 0.05263157 0.05263157 0.05263157 0.05263157 0.05263157 0.05263157 0.05263157 0.05263157 0.05263157 0.05263157 0.05263157 0.05263157 0.05263157 0.05263157 0.05263157 0.05263157 0.05263157 0.05263157 0.05263157 4.2479277 4.2479267 
8 3 26 "3" NA 0 0 1 0 NA 0 12 0 NA NA 64 96 4 500000 NA NA 12 300 0 1.0 0.36842105 1.4405726 3.5830898 0.035087716 0.035087716 0.035087716 0.035087716 0.36842105 0.035087716 0.035087716 0.035087716 0.035087716 0.035087716 0.035087716 0.035087716 0.035087716 0.035087716 0.035087716 0.035087716 0.035087716 0.035087716 0.035087716 0.36842105 1.4405726 3.5830898 
8 3 27 "3" NA 0 0 1 0 NA 0 12 0 NA NA 62 96 4 500000 NA NA 12 312 1 1.0 0.16279067 2.61891 3.0922613 0.02325581 0.02325581 0.16279067 0.02325581 0.02325581 0.02325581 0.02325581 0.44186044 0.02325581 0.02325581 0.02325581 0.02325581 0.02325581 0.02325581 0.02325581 0.02325581 0.02325581 0.02325581 0.02325581 0.16279067 2.61891 3.0922613 
8 3 28 "3" NA 0 0 1 0 NA 0 12 0 NA NA 59 96 4 500000 NA NA 12 324 1 1.0 0.035087716 4.8328905 3.5830898 0.035087716 0.36842105 0.035087716 0.035087716 0.035087716 0.035087716 0.035087716 0.035087716 0.035087716 0.035087716 0.035087716 0.035087716 0.035087716 0.035087716 0.035087716 0.035087716 0.035087716 0.035087716 0.035087716 0.035087716 4.8328905 3.5830898 
8 3 29 "3" NA 0 0 1 0 NA 0 12 0 NA NA 60 96 4 500000 NA NA 12 336 0 1.0 0.05263157 4.2479277 4.2479267 0.05263157 0.05263157 0.05263157 0.05263157 0.05263157 0.05263157 0.05263157 0.05263157 0.05263157 0.05263157 0.05263157 0.05263157 0.05263157 0.05263157 0.05263157 0.05263157 0.05263157 0.05263157 0.05263157 0.05263157 4.2479277 4.2479267 
8 3 30 "3" NA 0 0 1 0 NA 0 12 0 NA NA 64 96 4 500000 NA NA 12 348 0 1.0 0.36842105 1.4405726 3.5830898 0.035087716 0.035087716 0.035087716 0.035087716 0.36842105 0.035087716 0.035087716 0.035087716 0.035087716 0.035087716 0.035087716 0.035087716 0.035087716 0.035087716 0.035087716 0.035087716 0.035087716 0.035087716 0.035087716 0.36842105 1.4405726 3.5830898 
8 3 31 "3" NA 0 0 1 0 NA 0 12 0 NA NA 67 96 4 500000 NA NA 12 360 1 0.99999994 0.2258064 2.1468418 3.6863575 0.03225806 0.03225806 0.2258064 0.03225806 0.03225806 0.03225806 0.03225806 0.2258064 0.03225806 0.03225806 0.03225806 0.03225806 0.03225806 0.03225806 0.03225806 0.03225806 0.03225806 0.03225806 0.03225806 0.2258064 2.1468418 3.6863575 
8 3 32 "3" NA 0 0 1 0 NA 0 12 0 NA NA 64 96 4 500000 NA NA 12 372 1 1.0 0.023255808 5.4262652 3.0922616 0.023255808 0.023255808 0.023255808 0.023255808 0.023255808 0.16279066 0.023255808 0.023255808 0.023255808 0.023255808 0.023255808 0.023255808 0.4418604 0.023255808 0.023255808 0.023255808 0.023255808 0.023255808 0.023255808 0.023255808 5.4262652 3.0922616 
8 4 1 "4" NA 0 0 1 0 NA 0 0 0 NA NA 60 96 4 500000 NA NA 12 0 0 1.0 0.05263158 4.2479277 4.2479277 0.05263158 0.05263158 0.05263158 0.05263158 0.05263158 0.05263158 0.05263158 0.05263158 0.05263158 0.05263158 0.05263158 0.05263158 0.05263158 0.05263158 0.05263158 0.05263158 0.05263158 0.05263158 0.05263158 0.05263158 4.2479277 4.2479277 
8 4 2 "4" NA 0 0 1 0 NA 0 12 0 NA NA 72 96 4 500000 NA NA 12 12 0 1.0 0.05263157 4.2479277 4.2479267 0.05263157 0.05263157 0.05263157 0.05263157 0.05263157 0.05263157 0.05263157 0.05263157 0.05263157 0.05263157 0.05263157 0.05263157 0.05263157 0.05263157 0.05263157 0.05263157 0.05263157 0.05263157 0.05263157 0.05263157 4.2479277 4.2479267 
8 4 3 "4" NA 0 0 1 0 NA 0 12 0 NA NA 70 96 4 500000 NA NA 12 24 0 1.0 0.05263157 4.2479277 4.2479267 0.05263157 0.05263157 0.05263157 0.05263157 0.05263157 0.05263157 0.05263157 0.05263157 0.05263157 0.05263157 0.05263157 0.05263157 0.05263157 0.05263157 0.05263157 0.05263157 0.05263157 0.05263157 0.05263157 0.05263157 4.2479277 4.2479267 
8 4 4 "4" NA 0 0 1 0 NA 0 12 0 NA NA 68 96 4 500000 NA NA 12 36 0 1.0 0.05263157 4.2479277 4.2479267 0.05263157 0.05263157 0.05263157 0.05263157 0.05263157 0.05263157 0.05263157 0.05263157 0.05263157 0.05263157 0.05263157 0.05263157 0.05263157 0.05263157 0.05263157 0.05263157 0.05263157 0.05263157 0.05263157 0.05263157 4.2479277 4.2479267 
8 4 5 "4" NA 0 0 1 0 NA 0 12 0 NA NA 67 96 4 500000 NA NA 12 48 0 1.0 0.05263157 4.2479277 4.2479267 0.05263157 0.05263157 0.05263157 0.05263157 0.05263157 0.05263157 0.05263157 0.05263157 0.05263157 0.05263157 0.05263157 0.05263157 0.05263157 0.05263157 0.05263157 0.05263157 0.05263157 0.05263157 0.05263157 0.05263157 4.2479277 4.2479267 
8 4 6 "4" NA 0 0 1 0 NA 0 12 0 NA NA 65 96 4 500000 NA NA 12 60 0 1.0 0.05263157 4.2479277 4.2479267 0.05263157 0.05263157 0.05263157 0.05263157 0.05263157 0.05263157 0.05263157 0.05263157 0.05263157 0.05263157 0.05263157 0.05263157 0.05263157 0.05263157 0.05263157 0.05263157 0.05263157 0.05263157 0.05263157 0.05263157 4.2479277 4.2479267 
8 4 7 "4" NA 0 0 1 0 NA 0 12 0 NA NA 63 96 4 500000 NA NA 12 72 0 1.0 0.05263157 4.2479277 4.2479267 0.05263157 0.05263157 0.05263157 0.05263157 0.05263157 0.05263157 0.05263157 0.05263157 0.05263157 0.05263157 0.05263157 0.05263157 0.05263157 0.05263157 0.05263157 0.05263157 0.05263157 0.05263157 0.05263157 0.05263157 4.2479277 4.2479267 
8 4 8 "4" NA 0 0 1 0 NA 0 12 0 NA NA 62 96 4 500000 NA NA 12 84 0 1.0 0.05263157 4.2479277 4.2479267 0.05263157 0.05263157 0.05263157 0.05263157 0.05263157 0.05263157 0.05263157 0.05263157 0.05263157 0.05263157 0.05263157 0.05263157 0.05263157 0.05263157 0.05263157 0.05263157 0.05263157 0.05263157 0.05263157 0.05263157 4.2479277 4.2479267 
8 4 9 "4" NA 0 0 1 0 NA 0 12 0 NA NA 63 96 4 500000 NA NA 12 96 0 1.0 0.05263157 4.2479277 4.2479267 0.05263157 0.05263157 0.05263157 0.05263157 0.05263157 0.05263157 0.05263157 0.05263157 0.05263157 0.05263157 0.05263157 0.05263157 0.05263157 0.05263157 0.05263157 0.05263157 0.05263157 0.05263157 0.05263157 0.05263157 4.2479277 4.2479267 
8 4 10 "4" NA 0 0 1 0 NA 0 12 0 NA NA 75 96 4 500000 NA NA 12 108 0 1.0 0.035087716 4.8328905 3.5830898 0.035087716 0.035087716 0.36842105 0.035087716 0.035087716 0.035087716 0.035087716 0.035087716 0.035087716 0.035087716 0.035087716 0.035087716 0.035087716 0.035087716 0.035087716 0.035087716 0.035087716 0.035087716 0.035087716 0.035087716 4.8328905 3.5830898 
8 4 11 "4" NA 0 0 1 0 NA 0 12 0 NA NA 74 96 4 500000 NA NA 12 120 0 1.0 0.05263157 4.2479277 4.2479267 0.05263157 0.05263157 0.05263157 0.05263157 0.05263157 0.05263157 0.05263157 0.05263157 0.05263157 0.05263157 0.05263157 0.05263157 0.05263157 0.05263157 0.05263157 0.05263157 0.05263157 0.05263157 0.05263157 0.05263157 4.2479277 4.2479267 
8 4 12 "4" NA 0 0 1 0 NA 0 12 0 NA NA 72 96 4 500000 NA NA 12 132 0 1.0 0.05263157 4.2479277 4.2479267 0.05263157 0.05263157 0.05263157 0.05263157 0.05263157 0.05263157 0.05263157 0.05263157 0.05263157 0.05263157 0.05263157 0.05263157 0.05263157 0.05263157 0.05263157 0.05263157 0.05263157 0.05263157 0.05263157 0.05263157 4.2479277 4.2479267 
8 4 13 "4" NA 0 0 1 0 NA 0 12 0 NA NA 70 96 4 500000 NA NA 12 144 0 1.0 0.36842105 1.4405726 3.5830898 0.035087716 0.035087716 0.035087716 0.035087716 0.035087716 0.035087716 0.035087716 0.035087716 0.035087716 0.035087716 0.36842105 0.035087716 0.035087716 0.035087716 0.035087716 0.035087716 0.035087716 0.035087716 0.035087716 0.36842105 1.4405726 3.5830898 
8 4 14 "4" NA 0 0 1 0 NA 0 12 0 NA NA 68 96 4 500000 NA NA 12 156 1 1.0 0.36842105 1.4405726 3.5830898 0.035087716 0.035087716 0.035087716 0.035087716 0.035087716 0.035087716 0.035087716 0.035087716 0.36842105 0.035087716 0.035087716 0.035087716 0.035087716 0.035087716 0.035087716 0.035087716 0.035087716 0.035087716 0.035087716 0.36842105 1.4405726 3.5830898 
8 4 15 "4" NA 0 0 1 0 NA 0 12 0 NA NA 67 96 4 500000 NA NA 12 168 1 1.0 0.36842105 1.4405726 3.5830898 0.035087716 0.035087716 0.035087716 0.035087716 0.035087716 0.035087716 0.035087716 0.36842105 0.035087716 0.035087716 0.035087716 0.035087716 0.035087716 0.035087716 0.035087716 0.035087716 0.035087716 0.035087716 0.035087716 0.36842105 1.4405726 3.5830898 
8 4 16 "4" NA 0 0 1 0 NA 0 12 0 NA NA 66 96 4 500000 NA NA 12 180 1 1.0 0.035087716 4.8328905 3.5830898 0.035087716 0.035087716 0.035087716 0.035087716 0.035087716 0.36842105 0.035087716 0.035087716 0.035087716 0.035087716 0.035087716 0.035087716 0.035087716 0.035087716 0.035087716 0.035087716 0.035087716 0.035087716 0.035087716 0.035087716 4.8328905 3.5830898 
8 4 17 "4" NA 0 0 1 0 NA 0 12 0 NA NA 67 96 4 500000 NA NA 12 192 0 1.0 0.05263157 4.2479277 4.2479267 0.05263157 0.05263157 0.05263157 0.05263157 0.05263157 0.05263157 0.05263157 0.05263157 0.05263157 0.05263157 0.05263157 0.05263157 0.05263157 0.05263157 0.05263157 0.05263157 0.05263157 0.05263157 0.05263157 0.05263157 4.2479277 4.2479267 
8 4 18 "4" NA 0 0 1 0 NA 0 12 0 NA NA 79 96 4 500000 NA NA 12 204 0 0.99999994 0.03225806 4.9541965 3.6863575 0.03225806 0.03225806 0.03225806 0.03225806 0.03225806 0.2258064 0.2258064 0.03225806 0.03225806 0.03225806 0.03225806 0.03225806 0.03225806 0.03225806 0.03225806 0.03225806 0.03225806 0.03225806 0.03225806 0.03225806 4.9541965 3.6863575 
8 4 19 "4" NA 0 0 1 0 NA 0 12 0 NA NA 77 96 4 500000 NA NA 12 216 0 1.0 0.05263157 4.2479277 4.2479267 0.05263157 0.05263157 0.05263157 0.05263157 0.05263157 0.05263157 0.05263157 0.05263157 0.05263157 0.05263157 0.05263157 0.05263157 0.05263157 0.05263157 0.05263157 0.05263157 0.05263157 0.05263157 0.05263157 0.05263157 4.2479277 4.2479267 
8 4 20 "4" NA 0 0 1 0 NA 0 12 0 NA NA 75 96 4 500000 NA NA 12 228 0 1.0 0.05263157 4.2479277 4.2479267 0.05263157 0.05263157 0.05263157 0.05263157 0.05263157 0.05263157 0.05263157 0.05263157 0.05263157 0.05263157 0.05263157 0.05263157 0.05263157 0.05263157 0.05263157 0.05263157 0.05263157 0.05263157 0.05263157 0.05263157 4.2479277 4.2479267 
8 4 21 "4" NA 0 0 1 0 NA 0 12 0 NA NA 74 96 4 500000 NA NA 12 240 0 1.0 0.36842105 1.4405726 3.5830898 0.035087716 0.035087716 0.035087716 0.035087716 0.035087716 0.035087716 0.035087716 0.035087716 0.035087716 0.035087716 0.035087716 0.035087716 0.035087716 0.36842105 0.035087716 0.035087716 0.035087716 0.035087716 0.035087716 0.36842105 1.4405726 3.5830898 
8 4 22 "4" NA 0 0 1 0 NA 0 12 0 NA NA 72 96 4 500000 NA NA 12 252 1 1.0 0.36842105 1.4405726 3.5830898 0.035087716 0.035087716 0.035087716 0.035087716 0.035087716 0.035087716 0.035087716 0.035087716 0.035087716 0.035087716 0.035087716 0.035087716 0.36842105 0.035087716 0.035087716 0.035087716 0.035087716 0.035087716 0.035087716 0.36842105 1.4405726 3.5830898 
8 4 23 "4" NA 0 0 1 0 NA 0 12 0 NA NA 70 96 4 500000 NA NA 12 264 1 1.0 0.36842105 1.4405726 3.5830898 0.035087716 0.035087716 0.035087716 0.035087716 0.035087716 0.035087716 0.035087716 0.035087716 0.035087716 0.035087716 0.36842105 0.035087716 0.035087716 0.035087716 0.035087716 0.035087716 0.035087716 0.035087716 0.035087716 0.36842105 1.4405726 3.5830898 
8 4 24 "4" NA 0 0 1 0 NA 0 12 0 NA NA 68 96 4 500000 NA NA 12 276 1 1.0 0.68421054 0.54748774 2.216562 0.017543858 0.017543858 0.017543858 0.017543858 0.017543858 0.017543858 0.017543858 0.017543858 0.68421054 0.017543858 0.017543858 0.017543858 0.017543858 0.017543858 0.017543858 0.017543858 0.017543858 0.017543858 0.017543858 0.68421054 0.54748774 2.216562 
8 4 25 "4" NA 0 0 1 0 NA 0 12 0 NA NA 67 96 4 500000 NA NA 12 288 1 1.0 0.68421054 0.54748774 2.216562 0.017543858 0.017543858 0.017543858 0.017543858 0.017543858 0.017543858 0.017543858 0.68421054 0.017543858 0.017543858 0.017543858 0.017543858 0.017543858 0.017543858 0.017543858 0.017543858 0.017543858 0.017543858 0.017543858 0.68421054 0.54748774 2.216562 
8 4 26 "4" NA 0 0 1 0 NA 0 12 0 NA NA 65 96 4 500000 NA NA 12 300 4 1.0 0.20527045 2.2844021 2.8705862 0.01664355 0.01664355 0.01664355 0.01664355 0.01664355 0.20527045 0.4410541 0.01664355 0.01664355 0.01664355 0.01664355 0.01664355 0.01664355 0.01664355 0.01664355 0.01664355 0.01664355 0.087378636 0.01664355 0.20527045 2.2844021 2.8705862 
8 4 27 "4" NA 0 0 1 0 NA 0 12 0 NA NA 63 96 4 500000 NA NA 12 312 1 1.0 0.36842105 1.4405726 3.5830898 0.035087716 0.035087716 0.035087716 0.36842105 0.035087716 0.035087716 0.035087716 0.035087716 0.035087716 0.035087716 0.035087716 0.035087716 0.035087716 0.035087716 0.035087716 0.035087716 0.035087716 0.035087716 0.035087716 0.36842105 1.4405726 3.5830898 
8 4 28 "4" NA 0 0 1 0 NA 0 12 0 NA NA 62 96 4 500000 NA NA 12 324 1 1.0 0.4418604 1.1783375 3.0922616 0.023255808 0.023255808 0.4418604 0.023255808 0.023255808 0.023255808 0.023255808 0.023255808 0.023255808 0.023255808 0.023255808 0.023255808 0.023255808 0.023255808 0.16279066 0.023255808 0.023255808 0.023255808 0.023255808 0.4418604 1.1783375 3.0922616 
8 4 29 "4" NA 0 0 1 0 NA 0 12 0 NA NA 60 96 4 500000 NA NA 12 336 1 1.0 0.035087716 4.8328905 3.5830898 0.035087716 0.035087716 0.035087716 0.36842105 0.035087716 0.035087716 0.035087716 0.035087716 0.035087716 0.035087716 0.035087716 0.035087716 0.035087716 0.035087716 0.035087716 0.035087716 0.035087716 0.035087716 0.035087716 0.035087716 4.8328905 3.5830898 
8 4 30 "4" NA 0 0 1 0 NA 0 12 0 NA NA 63 96 4 500000 NA NA 12 348 0 1.0 0.035087716 4.8328905 3.5830898 0.035087716 0.035087716 0.035087716 0.035087716 0.035087716 0.035087716 0.035087716 0.035087716 0.035087716 0.035087716 0.035087716 0.035087716 0.36842105 0.035087716 0.035087716 0.035087716 0.035087716 0.035087716 0.035087716 0.035087716 4.8328905 3.5830898 
8 4 31 "4" NA 0 0 1 0 NA 0 12 0 NA NA 67 96 4 500000 NA NA 12 360 0 1.0 0.03225806 4.9541965 3.6863577 0.03225806 0.03225806 0.2258064 0.03225806 0.03225806 0.03225806 0.03225806 0.03225806 0.03225806 0.03225806 0.03225806 0.03225806 0.03225806 0.03225806 0.2258064 0.03225806 0.03225806 0.03225806 0.03225806 0.03225806 4.9541965 3.6863577 
8 4 32 "4" NA 0 0 1 0 NA 0 12 0 NA NA 63 96 4 500000 NA NA 12 372 0 1.0 0.031496063 4.9886847 3.8019452 0.031496063 0.031496063 0.031496063 0.031496063 0.031496063 0.16535434 0.16535434 0.031496063 0.031496063 0.031496063 0.031496063 0.031496063 0.031496063 0.031496063 0.031496063 0.031496063 0.031496063 0.16535434 0.031496063 0.031496063 4.9886847 3.8019452 
8 5 1 "5" NA 0 0 1 0 NA 0 0 0 NA NA 60 96 4 500000 NA NA 12 0 0 1.0 0.05263158 4.2479277 4.2479277 0.05263158 0.05263158 0.05263158 0.05263158 0.05263158 0.05263158 0.05263158 0.05263158 0.05263158 0.05263158 0.05263158 0.05263158 0.05263158 0.05263158 0.05263158 0.05263158 0.05263158 0.05263158 0.05263158 0.05263158 4.2479277 4.2479277 
8 5 2 "5" NA 0 0 1 0 NA 0 12 0 NA NA 59 96 4 500000 NA NA 12 12 0 1.0 0.05263157 4.2479277 4.2479267 0.05263157 0.05263157 0.05263157 0.05263157 0.05263157 0.05263157 0.05263157 0.05263157 0.05263157 0.05263157 0.05263157 0.05263157 0.05263157 0.05263157 0.05263157 0.05263157 0.05263157 0.05263157 0.05263157 0.05263157 4.2479277 4.2479267 
8 5 3 "5" NA 0 0 1 0 NA 0 12 0 NA NA 60 96 4 500000 NA NA 12 24 0 1.0 0.05263157 4.2479277 4.2479267 0.05263157 0.05263157 0.05263157 0.05263157 0.05263157 0.05263157 0.05263157 0.05263157 0.05263157 0.05263157 0.05263157 0.05263157 0.05263157 0.05263157 0.05263157 0.05263157 0.05263157 0.05263157 0.05263157 0.05263157 4.2479277 4.2479267 
8 5 4 "5" NA 0 0 1 0 NA 0 12 0 NA NA 62 96 4 500000 NA NA 12 36 0 1.0 0.035087716 4.8328905 3.5830898 0.36842105 0.035087716 0.035087716 0.035087716 0.035087716 0.035087716 0.035087716 0.035087716 0.035087716 0.035087716 0.035087716 0.035087716 0.035087716 0.035087716 0.035087716 0.035087716 0.035087716 0.035087716 0.035087716 0.035087716 4.8328905 3.5830898 
8 5 5 "5" NA 0 0 1 0 NA 0 12 0 NA NA 63 96 4 500000 NA NA 12 48 0 1.0 0.05263157 4.2479277 4.2479267 0.05263157 0.05263157 0.05263157 0.05263157 0.05263157 0.05263157 0.05263157 0.05263157 0.05263157 0.05263157 0.05263157 0.05263157 0.05263157 0.05263157 0.05263157 0.05263157 0.05263157 0.05263157 0.05263157 0.05263157 4.2479277 4.2479267 
8 5 6 "5" NA 0 0 1 0 NA 0 12 0 NA NA 62 96 4 500000 NA NA 12 60 0 1.0 0.05263157 4.2479277 4.2479267 0.05263157 0.05263157 0.05263157 0.05263157 0.05263157 0.05263157 0.05263157 0.05263157 0.05263157 0.05263157 0.05263157 0.05263157 0.05263157 0.05263157 0.05263157 0.05263157 0.05263157 0.05263157 0.05263157 0.05263157 4.2479277 4.2479267 
8 5 7 "5" NA 0 0 1 0 NA 0 12 0 NA NA 63 96 4 500000 NA NA 12 72 0 1.0 0.36842105 1.4405726 3.5830898 0.035087716 0.035087716 0.035087716 0.36842105 0.035087716 0.035087716 0.035087716 0.035087716 0.035087716 0.035087716 0.035087716 0.035087716 0.035087716 0.035087716 0.035087716 0.035087716 0.035087716 0.035087716 0.035087716 0.36842105 1.4405726 3.5830898 
8 5 8 "5" NA 0 0 1 0 NA 0 12 0 NA NA 65 96 4 500000 NA NA 12 84 1 1.0 0.035087716 4.8328905 3.5830898 0.035087716 0.035087716 0.36842105 0.035087716 0.035087716 0.035087716 0.035087716 0.035087716 0.035087716 0.035087716 0.035087716 0.035087716 0.035087716 0.035087716 0.035087716 0.035087716 0.035087716 0.035087716 0.035087716 0.035087716 4.8328905 3.5830898 
8 5 9 "5" NA 0 0 1 0 NA 0 12 0 NA NA 67 96 4 500000 NA NA 12 96 0 1.0 0.05263157 4.2479277 4.2479267 0.05263157 0.05263157 0.05263157 0.05263157 0.05263157 0.05263157 0.05263157 0.05263157 0.05263157 0.05263157 0.05263157 0.05263157 0.05263157 0.05263157 0.05263157 0.05263157 0.05263157 0.05263157 0.05263157 0.05263157 4.2479277 4.2479267 
8 5 10 "5" NA 0 0 1 0 NA 0 12 0 NA NA 65 96 4 500000 NA NA 12 108 0 1.0 0.05263157 4.2479277 4.2479267 0.05263157 0.05263157 0.05263157 0.05263157 0.05263157 0.05263157 0.05263157 0.05263157 0.05263157 0.05263157 0.05263157 0.05263157 0.05263157 0.05263157 0.05263157 0.05263157 0.05263157 0.05263157 0.05263157 0.05263157 4.2479277 4.2479267 
8 5 11 "5" NA 0 0 1 0 NA 0 12 0 NA NA 67 96 4 500000 NA NA 12 120 0 1.0 0.36842105 1.4405726 3.5830898 0.035087716 0.035087716 0.035087716 0.035087716 0.035087716 0.035087716 0.035087716 0.36842105 0.035087716 0.035087716 0.035087716 0.035087716 0.035087716 0.035087716 0.035087716 0.035087716 0.035087716 0.035087716 0.035087716 0.36842105 1.4405726 3.5830898 
8 5 12 "5" NA 0 0 1 0 NA 0 12 0 NA NA 69 96 4 500000 NA NA 12 132 1 1.0 0.035087716 4.8328905 3.5830898 0.035087716 0.035087716 0.035087716 0.035087716 0.035087716 0.36842105 0.035087716 0.035087716 0.035087716 0.035087716 0.035087716 0.035087716 0.035087716 0.035087716 0.035087716 0.035087716 0.035087716 0.035087716 0.035087716 0.035087716 4.8328905 3.5830898 
8 5 13 "5" NA 0 0 1 0 NA 0 12 0 NA NA 71 96 4 500000 NA NA 12 144 0 1.0 0.05263157 4.2479277 4.2479267 0.05263157 0.05263157 0.05263157 0.05263157 0.05263157 0.05263157 0.05263157 0.05263157 0.05263157 0.05263157 0.05263157 0.05263157 0.05263157 0.05263157 0.05263157 0.05263157 0.05263157 0.05263157 0.05263157 0.05263157 4.2479277 4.2479267 
8 5 14 "5" NA 0 0 1 0 NA 0 12 0 NA NA 72 96 4 500000 NA NA 12 156 0 1.0 0.05263157 4.2479277 4.2479267 0.05263157 0.05263157 0.05263157 0.05263157 0.05263157 0.05263157 0.05263157 0.05263157 0.05263157 0.05263157 0.05263157 0.05263157 0.05263157 0.05263157 0.05263157 0.05263157 0.05263157 0.05263157 0.05263157 0.05263157 4.2479277 4.2479267 
8 5 15 "5" NA 0 0 1 0 NA 0 12 0 NA NA 74 96 4 500000 NA NA 12 168 0 1.0 0.05263157 4.2479277 4.2479267 0.05263157 0.05263157 0.05263157 0.05263157 0.05263157 0.05263157 0.05263157 0.05263157 0.05263157 0.05263157 0.05263157 0.05263157 0.05263157 0.05263157 0.05263157 0.05263157 0.05263157 0.05263157 0.05263157 0.05263157 4.2479277 4.2479267 
8 5 16 "5" NA 0 0 1 0 NA 0 12 0 NA NA 75 96 4 500000 NA NA 12 180 0 1.0 0.05263157 4.2479277 4.2479267 0.05263157 0.05263157 0.05263157 0.05263157 0.05263157 0.05263157 0.05263157 0.05263157 0.05263157 0.05263157 0.05263157 0.05263157 0.05263157 0.05263157 0.05263157 0.05263157 0.05263157 0.05263157 0.05263157 0.05263157 4.2479277 4.2479267 
8 5 17 "5" NA 0 0 1 0 NA 0 12 0 NA NA 77 96 4 500000 NA NA 12 192 0 1.0 0.05263157 4.2479277 4.2479267 0.05263157 0.05263157 0.05263157 0.05263157 0.05263157 0.05263157 0.05263157 0.05263157 0.05263157 0.05263157 0.05263157 0.05263157 0.05263157 0.05263157 0.05263157 0.05263157 0.05263157 0.05263157 0.05263157 0.05263157 4.2479277 4.2479267 
8 5 18 "5" NA 0 0 1 0 NA 0 12 0 NA NA 75 96 4 500000 NA NA 12 204 0 1.0 0.05263157 4.2479277 4.2479267 0.05263157 0.05263157 0.05263157 0.05263157 0.05263157 0.05263157 0.05263157 0.05263157 0.05263157 0.05263157 0.05263157 0.05263157 0.05263157 0.05263157 0.05263157 0.05263157 0.05263157 0.05263157 0.05263157 0.05263157 4.2479277 4.2479267 
8 5 19 "5" NA 0 0 1 0 NA 0 12 0 NA NA 74 96 4 500000 NA NA 12 216 0 1.0 0.035087716 4.8328905 3.5830898 0.035087716 0.035087716 0.035087716 0.035087716 0.035087716 0.035087716 0.035087716 0.035087716 0.035087716 0.035087716 0.035087716 0.035087716 0.035087716 0.035087716 0.035087716 0.035087716 0.36842105 0.035087716 0.035087716 0.035087716 4.8328905 3.5830898 
8 5 20 "5" NA 0 0 1 0 NA 0 12 0 NA NA 72 96 4 500000 NA NA 12 228 0 1.0 0.035087716 4.8328905 3.5830898 0.035087716 0.035087716 0.035087716 0.035087716 0.035087716 0.035087716 0.035087716 0.035087716 0.035087716 0.035087716 0.035087716 0.035087716 0.035087716 0.035087716 0.36842105 0.035087716 0.035087716 0.035087716 0.035087716 0.035087716 4.8328905 3.5830898 
8 5 21 "5" NA 0 0 1 0 NA 0 12 0 NA NA 70 96 4 500000 NA NA 12 240 0 1.0 0.035087716 4.8328905 3.5830898 0.035087716 0.035087716 0.035087716 0.035087716 0.035087716 0.035087716 0.035087716 0.035087716 0.035087716 0.035087716 0.035087716 0.035087716 0.035087716 0.36842105 0.035087716 0.035087716 0.035087716 0.035087716 0.035087716 0.035087716 4.8328905 3.5830898 
8 5 22 "5" NA 0 0 1 0 NA 0 12 0 NA NA 68 96 4 500000 NA NA 12 252 0 1.0 0.05263157 4.2479277 4.2479267 0.05263157 0.05263157 0.05263157 0.05263157 0.05263157 0.05263157 0.05263157 0.05263157 0.05263157 0.05263157 0.05263157 0.05263157 0.05263157 0.05263157 0.05263157 0.05263157 0.05263157 0.05263157 0.05263157 0.05263157 4.2479277 4.2479267 
8 5 23 "5" NA 0 0 1 0 NA 0 12 0 NA NA 67 96 4 500000 NA NA 12 264 0 1.0 0.05263157 4.2479277 4.2479267 0.05263157 0.05263157 0.05263157 0.05263157 0.05263157 0.05263157 0.05263157 0.05263157 0.05263157 0.05263157 0.05263157 0.05263157 0.05263157 0.05263157 0.05263157 0.05263157 0.05263157 0.05263157 0.05263157 0.05263157 4.2479277 4.2479267 
8 5 24 "5" NA 0 0 1 0 NA 0 12 0 NA NA 66 96 4 500000 NA NA 12 276 0 1.0 0.03225806 4.9541965 3.6863577 0.03225806 0.03225806 0.03225806 0.03225806 0.03225806 0.2258064 0.03225806 0.03225806 0.03225806 0.2258064 0.03225806 0.03225806 0.03225806 0.03225806 0.03225806 0.03225806 0.03225806 0.03225806 0.03225806 0.03225806 4.9541965 3.6863577 
8 5 25 "5" NA 0 0 1 0 NA 0 12 0 NA NA 67 96 4 500000 NA NA 12 288 0 1.0 0.05263157 4.2479277 4.2479267 0.05263157 0.05263157 0.05263157 0.05263157 0.05263157 0.05263157 0.05263157 0.05263157 0.05263157 0.05263157 0.05263157 0.05263157 0.05263157 0.05263157 0.05263157 0.05263157 0.05263157 0.05263157 0.05263157 0.05263157 4.2479277 4.2479267 
8 5 26 "5" NA 0 0 1 0 NA 0 12 0 NA NA 65 96 4 500000 NA NA 12 300 0 1.0 0.16535434 2.5963671 3.8019457 0.031496063 0.031496063 0.031496063 0.031496063 0.031496063 0.16535434 0.16535434 0.031496063 0.031496063 0.16535434 0.031496063 0.031496063 0.031496063 0.031496063 0.031496063 0.031496063 0.031496063 0.031496063 0.031496063 0.16535434 2.5963671 3.8019457 
8 5 27 "5" NA 0 0 1 0 NA 0 12 0 NA NA 63 96 4 500000 NA NA 12 312 1 1.0 0.035087716 4.8328905 3.5830898 0.035087716 0.035087716 0.035087716 0.035087716 0.035087716 0.035087716 0.035087716 0.36842105 0.035087716 0.035087716 0.035087716 0.035087716 0.035087716 0.035087716 0.035087716 0.035087716 0.035087716 0.035087716 0.035087716 0.035087716 4.8328905 3.5830898 
8 5 28 "5" NA 0 0 1 0 NA 0 12 0 NA NA 62 96 4 500000 NA NA 12 324 0 1.0 0.22580637 2.1468418 3.686357 0.032258056 0.032258056 0.22580637 0.032258056 0.032258056 0.22580637 0.032258056 0.032258056 0.032258056 0.032258056 0.032258056 0.032258056 0.032258056 0.032258056 0.032258056 0.032258056 0.032258056 0.032258056 0.032258056 0.22580637 2.1468418 3.686357 
8 5 29 "5" NA 0 0 1 0 NA 0 12 0 NA NA 60 96 4 500000 NA NA 12 336 1 1.0 0.035087716 4.8328905 3.5830898 0.035087716 0.035087716 0.035087716 0.36842105 0.035087716 0.035087716 0.035087716 0.035087716 0.035087716 0.035087716 0.035087716 0.035087716 0.035087716 0.035087716 0.035087716 0.035087716 0.035087716 0.035087716 0.035087716 0.035087716 4.8328905 3.5830898 
8 5 30 "5" NA 0 0 1 0 NA 0 12 0 NA NA 63 96 4 500000 NA NA 12 348 0 1.0 0.032258056 4.9541965 3.6863568 0.22580637 0.032258056 0.22580637 0.032258056 0.032258056 0.032258056 0.032258056 0.032258056 0.032258056 0.032258056 0.032258056 0.032258056 0.032258056 0.032258056 0.032258056 0.032258056 0.032258056 0.032258056 0.032258056 0.032258056 4.9541965 3.6863568 
8 5 31 "5" NA 0 0 1 0 NA 0 12 0 NA NA 67 96 4 500000 NA NA 12 360 0 1.0 0.032258056 4.9541965 3.686357 0.032258056 0.032258056 0.22580637 0.032258056 0.032258056 0.22580637 0.032258056 0.032258056 0.032258056 0.032258056 0.032258056 0.032258056 0.032258056 0.032258056 0.032258056 0.032258056 0.032258056 0.032258056 0.032258056 0.032258056 4.9541965 3.686357 
8 5 32 "5" NA 0 0 1 0 NA 0 12 0 NA NA 63 96 4 500000 NA NA 12 372 0 1.0 0.031496063 4.9886847 3.8019457 0.031496063 0.031496063 0.031496063 0.031496063 0.031496063 0.16535434 0.16535434 0.031496063 0.031496063 0.16535434 0.031496063 0.031496063 0.031496063 0.031496063 0.031496063 0.031496063 0.031496063 0.031496063 0.031496063 0.031496063 4.9886847 3.8019457 
8 6 1 "6" NA 0 0 1 0 NA 0 0 0 NA NA 60 96 4 500000 NA NA 12 0 0 1.0 0.05263158 4.2479277 4.2479277 0.05263158 0.05263158 0.05263158 0.05263158 0.05263158 0.05263158 0.05263158 0.05263158 0.05263158 0.05263158 0.05263158 0.05263158 0.05263158 0.05263158 0.05263158 0.05263158 0.05263158 0.05263158 0.05263158 0.05263158 4.2479277 4.2479277 
8 6 2 "6" NA 0 0 1 0 NA 0 12 0 NA NA 63 96 4 500000 NA NA 12 12 0 1.0 0.05263157 4.2479277 4.2479267 0.05263157 0.05263157 0.05263157 0.05263157 0.05263157 0.05263157 0.05263157 0.05263157 0.05263157 0.05263157 0.05263157 0.05263157 0.05263157 0.05263157 0.05263157 0.05263157 0.05263157 0.05263157 0.05263157 0.05263157 4.2479277 4.2479267 
8 6 3 "6" NA 0 0 1 0 NA 0 12 0 NA NA 67 96 4 500000 NA NA 12 24 0 1.0 0.05263157 4.2479277 4.2479267 0.05263157 0.05263157 0.05263157 0.05263157 0.05263157 0.05263157 0.05263157 0.05263157 0.05263157 0.05263157 0.05263157 0.05263157 0.05263157 0.05263157 0.05263157 0.05263157 0.05263157 0.05263157 0.05263157 0.05263157 4.2479277 4.2479267 
8 6 4 "6" NA 0 0 1 0 NA 0 12 0 NA NA 65 96 4 500000 NA NA 12 36 0 1.0 0.05263157 4.2479277 4.2479267 0.05263157 0.05263157 0.05263157 0.05263157 0.05263157 0.05263157 0.05263157 0.05263157 0.05263157 0.05263157 0.05263157 0.05263157 0.05263157 0.05263157 0.05263157 0.05263157 0.05263157 0.05263157 0.05263157 0.05263157 4.2479277 4.2479267 
8 6 5 "6" NA 0 0 1 0 NA 0 12 0 NA NA 63 96 4 500000 NA NA 12 48 0 1.0 0.05263157 4.2479277 4.2479267 0.05263157 0.05263157 0.05263157 0.05263157 0.05263157 0.05263157 0.05263157 0.05263157 0.05263157 0.05263157 0.05263157 0.05263157 0.05263157 0.05263157 0.05263157 0.05263157 0.05263157 0.05263157 0.05263157 0.05263157 4.2479277 4.2479267 
8 6 6 "6" NA 0 0 1 0 NA 0 12 0 NA NA 72 96 4 500000 NA NA 12 60 0 1.0 0.035087716 4.8328905 3.5830898 0.035087716 0.035087716 0.035087716 0.035087716 0.035087716 0.035087716 0.035087716 0.36842105 0.035087716 0.035087716 0.035087716 0.035087716 0.035087716 0.035087716 0.035087716 0.035087716 0.035087716 0.035087716 0.035087716 0.035087716 4.8328905 3.5830898 
8 6 7 "6" NA 0 0 1 0 NA 0 12 0 NA NA 67 96 4 500000 NA NA 12 72 0 1.0 0.05263157 4.2479277 4.2479267 0.05263157 0.05263157 0.05263157 0.05263157 0.05263157 0.05263157 0.05263157 0.05263157 0.05263157 0.05263157 0.05263157 0.05263157 0.05263157 0.05263157 0.05263157 0.05263157 0.05263157 0.05263157 0.05263157 0.05263157 4.2479277 4.2479267 
8 6 8 "6" NA 0 0 1 0 NA 0 12 0 NA NA 75 96 4 500000 NA NA 12 84 0 1.0 0.035087716 4.8328905 3.5830898 0.035087716 0.035087716 0.035087716 0.035087716 0.035087716 0.36842105 0.035087716 0.035087716 0.035087716 0.035087716 0.035087716 0.035087716 0.035087716 0.035087716 0.035087716 0.035087716 0.035087716 0.035087716 0.035087716 0.035087716 4.8328905 3.5830898 
8 6 9 "6" NA 0 0 1 0 NA 0 12 0 NA NA 74 96 4 500000 NA NA 12 96 0 1.0 0.05263157 4.2479277 4.2479267 0.05263157 0.05263157 0.05263157 0.05263157 0.05263157 0.05263157 0.05263157 0.05263157 0.05263157 0.05263157 0.05263157 0.05263157 0.05263157 0.05263157 0.05263157 0.05263157 0.05263157 0.05263157 0.05263157 0.05263157 4.2479277 4.2479267 
8 6 10 "6" NA 0 0 1 0 NA 0 12 0 NA NA 72 96 4 500000 NA NA 12 108 0 1.0 0.05263157 4.2479277 4.2479267 0.05263157 0.05263157 0.05263157 0.05263157 0.05263157 0.05263157 0.05263157 0.05263157 0.05263157 0.05263157 0.05263157 0.05263157 0.05263157 0.05263157 0.05263157 0.05263157 0.05263157 0.05263157 0.05263157 0.05263157 4.2479277 4.2479267 
8 6 11 "6" NA 0 0 1 0 NA 0 12 0 NA NA 70 96 4 500000 NA NA 12 120 0 1.0 0.035087716 4.8328905 3.5830898 0.035087716 0.035087716 0.035087716 0.035087716 0.035087716 0.035087716 0.035087716 0.36842105 0.035087716 0.035087716 0.035087716 0.035087716 0.035087716 0.035087716 0.035087716 0.035087716 0.035087716 0.035087716 0.035087716 0.035087716 4.8328905 3.5830898 
8 6 12 "6" NA 0 0 1 0 NA 0 12 0 NA NA 68 96 4 500000 NA NA 12 132 0 1.0 0.05263157 4.2479277 4.2479267 0.05263157 0.05263157 0.05263157 0.05263157 0.05263157 0.05263157 0.05263157 0.05263157 0.05263157 0.05263157 0.05263157 0.05263157 0.05263157 0.05263157 0.05263157 0.05263157 0.05263157 0.05263157 0.05263157 0.05263157 4.2479277 4.2479267 
8 6 13 "6" NA 0 0 1 0 NA 0 12 0 NA NA 67 96 4 500000 NA NA 12 144 0 1.0 0.05263157 4.2479277 4.2479267 0.05263157 0.05263157 0.05263157 0.05263157 0.05263157 0.05263157 0.05263157 0.05263157 0.05263157 0.05263157 0.05263157 0.05263157 0.05263157 0.05263157 0.05263157 0.05263157 0.05263157 0.05263157 0.05263157 0.05263157 4.2479277 4.2479267 
8 6 14 "6" NA 0 0 1 0 NA 0 12 0 NA NA 65 96 4 500000 NA NA 12 156 0 1.0 0.2258064 2.1468418 3.6863577 0.03225806 0.03225806 0.03225806 0.03225806 0.03225806 0.2258064 0.03225806 0.03225806 0.03225806 0.03225806 0.03225806 0.03225806 0.03225806 0.03225806 0.2258064 0.03225806 0.03225806 0.03225806 0.03225806 0.2258064 2.1468418 3.6863577 
8 6 15 "6" NA 0 0 1 0 NA 0 12 0 NA NA 63 96 4 500000 NA NA 12 168 1 1.0 0.36842105 1.4405726 3.5830898 0.035087716 0.035087716 0.035087716 0.36842105 0.035087716 0.035087716 0.035087716 0.035087716 0.035087716 0.035087716 0.035087716 0.035087716 0.035087716 0.035087716 0.035087716 0.035087716 0.035087716 0.035087716 0.035087716 0.36842105 1.4405726 3.5830898 
8 6 16 "6" NA 0 0 1 0 NA 0 12 0 NA NA 62 96 4 500000 NA NA 12 180 1 1.0 0.02325581 5.426265 3.0922616 0.02325581 0.02325581 0.02325581 0.02325581 0.02325581 0.02325581 0.02325581 0.16279067 0.02325581 0.02325581 0.02325581 0.02325581 0.44186044 0.02325581 0.02325581 0.02325581 0.02325581 0.02325581 0.02325581 0.02325581 5.426265 3.0922616 
8 6 17 "6" NA 0 0 1 0 NA 0 12 0 NA NA 60 96 4 500000 NA NA 12 192 0 1.0 0.05263157 4.2479277 4.2479267 0.05263157 0.05263157 0.05263157 0.05263157 0.05263157 0.05263157 0.05263157 0.05263157 0.05263157 0.05263157 0.05263157 0.05263157 0.05263157 0.05263157 0.05263157 0.05263157 0.05263157 0.05263157 0.05263157 0.05263157 4.2479277 4.2479267 
8 6 18 "6" NA 0 0 1 0 NA 0 12 0 NA NA 59 96 4 500000 NA NA 12 204 0 1.0 0.035087716 4.8328905 3.5830898 0.035087716 0.035087716 0.035087716 0.36842105 0.035087716 0.035087716 0.035087716 0.035087716 0.035087716 0.035087716 0.035087716 0.035087716 0.035087716 0.035087716 0.035087716 0.035087716 0.035087716 0.035087716 0.035087716 0.035087716 4.8328905 3.5830898 
8 6 19 "6" NA 0 0 1 0 NA 0 12 0 NA NA 60 96 4 500000 NA NA 12 216 0 1.0 0.05263157 4.2479277 4.2479267 0.05263157 0.05263157 0.05263157 0.05263157 0.05263157 0.05263157 0.05263157 0.05263157 0.05263157 0.05263157 0.05263157 0.05263157 0.05263157 0.05263157 0.05263157 0.05263157 0.05263157 0.05263157 0.05263157 0.05263157 4.2479277 4.2479267 
8 6 20 "6" NA 0 0 1 0 NA 0 12 0 NA NA 62 96 4 500000 NA NA 12 228 0 1.0 0.032258056 4.9541965 3.686357 0.22580637 0.032258056 0.032258056 0.22580637 0.032258056 0.032258056 0.032258056 0.032258056 0.032258056 0.032258056 0.032258056 0.032258056 0.032258056 0.032258056 0.032258056 0.032258056 0.032258056 0.032258056 0.032258056 0.032258056 4.9541965 3.686357 
8 6 21 "6" NA 0 0 1 0 NA 0 12 0 NA NA 63 96 4 500000 NA NA 12 240 0 1.0 0.035087716 4.8328905 3.5830898 0.035087716 0.36842105 0.035087716 0.035087716 0.035087716 0.035087716 0.035087716 0.035087716 0.035087716 0.035087716 0.035087716 0.035087716 0.035087716 0.035087716 0.035087716 0.035087716 0.035087716 0.035087716 0.035087716 0.035087716 4.8328905 3.5830898 
8 6 22 "6" NA 0 0 1 0 NA 0 12 0 NA NA 62 96 4 500000 NA NA 12 252 0 1.0 0.16535434 2.5963671 3.8019452 0.031496063 0.031496063 0.16535434 0.031496063 0.031496063 0.031496063 0.031496063 0.16535434 0.031496063 0.031496063 0.031496063 0.031496063 0.16535434 0.031496063 0.031496063 0.031496063 0.031496063 0.031496063 0.031496063 0.16535434 2.5963671 3.8019452 
8 6 23 "6" NA 0 0 1 0 NA 0 12 0 NA NA 63 96 4 500000 NA NA 12 264 1 1.0 0.16279066 2.61891 3.0922613 0.023255808 0.4418604 0.023255808 0.16279066 0.023255808 0.023255808 0.023255808 0.023255808 0.023255808 0.023255808 0.023255808 0.023255808 0.023255808 0.023255808 0.023255808 0.023255808 0.023255808 0.023255808 0.023255808 0.16279066 2.61891 3.0922613 
8 6 24 "6" NA 0 0 1 0 NA 0 12 0 NA NA 65 96 4 500000 NA NA 12 276 1 0.99999994 0.022471908 5.4757338 3.224543 0.022471908 0.022471908 0.4044944 0.022471908 0.022471908 0.022471908 0.022471908 0.11797752 0.022471908 0.022471908 0.022471908 0.022471908 0.11797752 0.022471908 0.022471908 0.022471908 0.022471908 0.022471908 0.022471908 0.022471908 5.4757338 3.224543 
8 6 25 "6" NA 0 0 1 0 NA 0 12 0 NA NA 67 96 4 500000 NA NA 12 288 0 1.0 0.035087716 4.8328905 3.5830898 0.035087716 0.035087716 0.035087716 0.36842105 0.035087716 0.035087716 0.035087716 0.035087716 0.035087716 0.035087716 0.035087716 0.035087716 0.035087716 0.035087716 0.035087716 0.035087716 0.035087716 0.035087716 0.035087716 0.035087716 4.8328905 3.5830898 
8 6 26 "6" NA 0 0 1 0 NA 0 12 0 NA NA 65 96 4 500000 NA NA 12 300 0 1.0 0.2258064 2.1468418 3.6863577 0.03225806 0.03225806 0.03225806 0.03225806 0.03225806 0.2258064 0.03225806 0.03225806 0.03225806 0.03225806 0.03225806 0.03225806 0.03225806 0.03225806 0.2258064 0.03225806 0.03225806 0.03225806 0.03225806 0.2258064 2.1468418 3.6863577 
8 6 27 "6" NA 0 0 1 0 NA 0 12 0 NA NA 67 96 4 500000 NA NA 12 312 1 1.0 0.08860758 3.496426 2.0300298 0.012658224 0.012658224 0.012658224 0.69620246 0.012658224 0.012658224 0.012658224 0.08860758 0.012658224 0.012658224 0.012658224 0.012658224 0.012658224 0.012658224 0.012658224 0.012658224 0.012658224 0.012658224 0.012658224 0.08860758 3.496426 2.0300298 
8 6 28 "6" NA 0 0 1 0 NA 0 12 0 NA NA 71 96 4 500000 NA NA 12 324 1 1.0 0.023255808 5.4262652 3.0922616 0.023255808 0.023255808 0.023255808 0.023255808 0.023255808 0.4418604 0.023255808 0.023255808 0.023255808 0.023255808 0.023255808 0.023255808 0.023255808 0.023255808 0.16279066 0.023255808 0.023255808 0.023255808 0.023255808 0.023255808 5.4262652 3.0922616 
8 6 29 "6" NA 0 0 1 0 NA 0 12 0 NA NA 72 96 4 500000 NA NA 12 336 0 1.0 0.05263157 4.2479277 4.2479267 0.05263157 0.05263157 0.05263157 0.05263157 0.05263157 0.05263157 0.05263157 0.05263157 0.05263157 0.05263157 0.05263157 0.05263157 0.05263157 0.05263157 0.05263157 0.05263157 0.05263157 0.05263157 0.05263157 0.05263157 4.2479277 4.2479267 
8 6 30 "6" NA 0 0 1 0 NA 0 12 0 NA NA 63 96 4 500000 NA NA 12 348 0 0.99999994 0.03225806 4.9541965 3.6863575 0.03225806 0.03225806 0.03225806 0.03225806 0.03225806 0.03225806 0.03225806 0.2258064 0.03225806 0.03225806 0.2258064 0.03225806 0.03225806 0.03225806 0.03225806 0.03225806 0.03225806 0.03225806 0.03225806 0.03225806 4.9541965 3.6863575 
8 6 31 "6" NA 0 0 1 0 NA 0 12 0 NA NA 67 96 4 500000 NA NA 12 360 0 1.0 0.13207549 2.9205654 3.8971648 0.031446543 0.031446543 0.13207549 0.031446543 0.031446543 0.13207549 0.031446543 0.13207549 0.031446543 0.031446543 0.031446543 0.031446543 0.13207549 0.031446543 0.031446543 0.031446543 0.031446543 0.031446543 0.031446543 0.13207549 2.9205654 3.8971648 
8 6 32 "6" NA 0 0 1 0 NA 0 12 0 NA NA 63 96 4 500000 NA NA 12 372 1 0.99999994 0.022471908 5.4757338 3.224543 0.022471908 0.022471908 0.022471908 0.022471908 0.022471908 0.4044944 0.022471908 0.022471908 0.022471908 0.022471908 0.022471908 0.11797752 0.022471908 0.022471908 0.11797752 0.022471908 0.022471908 0.022471908 0.022471908 0.022471908 5.4757338 3.224543 
