dataset.id melody.id note.id melody.name vertint12 articulation comma voice ornament dyn phrase bioi deltast accidental mpitch cpitch barlength pulses tempo mode keysig dur onset cpitch.order.ltm.cpint-cpitch cpitch.order.stm.cpint-cpitch cpitch.weight.ltm cpitch.weight.stm cpitch.weight.ltm.cpint-cpitch cpitch.weight.stm.cpint-cpitch cpitch.probability cpitch.information.content cpitch.entropy cpitch.59 cpitch.60 cpitch.61 cpitch.62 cpitch.63 cpitch.64 cpitch.65 cpitch.66 cpitch.67 cpitch.68 cpitch.69 cpitch.70 cpitch.71 cpitch.72 cpitch.73 cpitch.74 cpitch.75 cpitch.76 cpitch.77 cpitch.78 cpitch.79 cpitch.80 cpitch.81 cpitch.82 cpitch.83 cpitch.84 probability information.content entropy 
8 1 1 "1" NA 0 0 1 0 NA 0 0 0 NA NA 60 96 4 500000 NA NA 12 0 0 0 0.5 0.5 1.0 1.0 0.038461525 4.7004404 4.700439 0.038461525 0.038461525 0.038461525 0.038461525 0.038461525 0.038461525 0.038461525 0.038461525 0.038461525 0.038461525 0.038461525 0.038461525 0.038461525 0.038461525 0.038461525 0.038461525 0.038461525 0.038461525 0.038461525 0.038461525 0.038461525 0.038461525 0.038461525 0.038461525 0.038461525 0.038461525 0.038461525 4.7004404 4.700439 
8 1 2 "1" NA 0 0 1 0 NA 0 12 0 NA NA 64 96 4 500000 NA NA 12 12 0 0 0.98918456 0.010815395 1.0 1.0 0.10032063 3.3173096 2.4876194 0.42788285 0.16001259 0.0049370923 0.19445191 0.0049370923 0.10032063 0.0016653677 0.0016653677 0.03383991 0.0016653677 0.027456895 0.0016653677 0.0016653677 0.01785007 0.0016653677 0.0016653677 0.0016653677 0.0016653677 0.0016653677 0.0016653677 0.0016653677 0.0016653677 0.0016653677 0.0016653677 0.0016653677 0.0016653677 0.10032063 3.3173096 2.4876194 
8 1 3 "1" NA 0 0 1 0 NA 0 12 0 NA NA 63 96 4 500000 NA NA 12 24 1 0 0.9734807 0.026519312 1.0 1.0 0.014495975 6.108204 2.8534002 0.0031280161 0.03214418 0.010156895 0.31281123 0.014495975 0.16191606 0.03951934 0.14055014 0.20177773 0.0016841756 0.039328285 9.5035206e-4 0.0052609826 0.019091764 9.5035206e-4 0.0031280161 9.5035206e-4 0.0045532165 9.5035206e-4 9.5035206e-4 9.5035206e-4 9.5035206e-4 9.5035206e-4 9.5035206e-4 9.5035206e-4 9.5035206e-4 0.014495975 6.108204 2.8534002 
8 1 4 "1" NA 0 0 1 0 NA 0 12 0 NA NA 64 96 4 500000 NA NA 12 36 1 0 0.97527826 0.02472175 1.0 1.0 0.07565796 3.7243645 2.8632357 0.008168331 0.008168331 0.008168331 0.10862633 0.10862633 0.07565796 0.008168331 0.4932469 0.008168331 0.008168331 0.008168331 0.008168331 0.042307857 0.008168331 0.008168331 0.008168331 0.008168331 0.008168331 0.008168331 0.008168331 0.008168331 0.008168331 0.008168331 0.008168331 0.008168331 0.008168331 0.07565796 3.7243645 2.8632357 
8 1 5 "1" NA 0 0 1 0 NA 0 12 0 NA NA 67 96 4 500000 NA NA 12 48 1 0 0.99632007 0.0036798462 1.0 0.99999994 0.05011544 4.318601 1.7712448 0.0017356351 0.011456732 0.0057936315 0.12752013 0.0013415263 0.05453519 0.015898507 0.6835923 0.05011544 9.2101854e-4 0.023157356 5.12785e-4 0.0029549762 0.011052651 5.12785e-4 0.0017356351 5.12785e-4 0.0025487847 5.12785e-4 5.12785e-4 5.12785e-4 5.12785e-4 5.12785e-4 5.12785e-4 5.12785e-4 5.12785e-4 0.05011544 4.318601 1.7712448 
8 1 6 "1" NA 0 0 1 0 NA 0 12 0 NA NA 66 96 4 500000 NA NA 12 60 1 0 0.9482032 0.051796842 1.0 1.0 0.07553392 3.7267315 3.1763785 0.0051739053 0.010695103 7.9364097e-4 0.045989074 7.9364097e-4 0.10049361 0.057332154 0.07553392 0.26801732 0.0016118571 0.13776575 0.0025640244 0.045077592 0.18471044 6.2536425e-4 0.01876959 7.9364097e-4 0.023133261 0.006672513 6.2536425e-4 0.009033764 6.2536425e-4 0.0011247421 6.2536425e-4 7.9364097e-4 6.2536425e-4 0.07553392 3.7267315 3.1763785 
8 1 7 "1" NA 0 0 1 0 NA 0 12 0 NA NA 67 96 4 500000 NA NA 12 72 2 0 0.989162 0.010838015 1.0 1.0 0.2630703 1.9264798 2.480084 0.0041492404 0.0041492404 3.5990367e-4 0.1251565 2.277451e-4 0.27936038 0.005675226 0.062027007 0.2630703 0.002827957 0.22670737 0.004627411 0.009547577 0.0028513942 0.0029568337 0.0031090633 2.277451e-4 2.277451e-4 3.5990367e-4 0.0010148003 2.277451e-4 2.277451e-4 2.277451e-4 2.277451e-4 2.277451e-4 2.277451e-4 0.2630703 1.9264798 2.480084 
8 1 8 "1" NA 0 0 1 0 NA 0 12 0 NA NA 69 96 4 500000 NA NA 12 84 2 0 0.8731263 0.12687361 1.0 1.0 0.27025452 1.8876094 3.1659722 0.026519762 0.0015973294 7.0405786e-4 0.09424477 7.0405786e-4 0.1003388 0.009582072 0.108989954 0.17395575 0.006039335 0.27025452 0.0020729138 0.08490224 0.06489763 5.6534226e-4 0.022559276 7.0405786e-4 0.014418862 0.005001043 5.6534226e-4 0.008012249 5.6534226e-4 9.706157e-4 5.6534226e-4 7.0405786e-4 5.6534226e-4 0.27025452 1.8876094 3.1659722 
8 1 9 "1" NA 0 0 1 0 NA 0 12 0 NA NA 67 96 4 500000 NA NA 12 96 3 0 0.97729903 0.022700988 1.0 1.0 0.22782217 2.1340199 2.785203 4.7757282e-4 0.0029638992 9.6319965e-4 0.054936633 6.4034597e-4 0.0050302274 0.007634888 0.06431011 0.22782217 0.0034885188 0.17227456 0.01099767 0.33041304 0.057249006 6.4034597e-4 0.03296975 4.7757282e-4 0.012711469 0.0057581775 0.002020537 0.0017606034 4.7757282e-4 0.0025493905 4.7757282e-4 4.7757282e-4 4.7757282e-4 0.22782217 2.1340199 2.785203 
8 1 10 "1" NA 0 0 1 0 NA 0 12 0 NA NA 76 96 4 500000 NA NA 12 108 4 0 0.83557975 0.16442026 1.0 1.0 0.028213663 5.147462 3.2677073 0.008002961 0.0043176804 0.0011945472 0.043069035 0.0011945472 0.055651937 0.032940984 0.22495058 0.16720755 0.0022302738 0.19705357 0.0053108465 0.070282616 0.096811794 9.6828764e-4 0.027840126 0.0011945472 0.028213663 0.0105497865 9.6828764e-4 0.014322703 9.6828764e-4 0.0016242247 9.6828764e-4 0.0011945472 9.6828764e-4 0.028213663 5.147462 3.2677073 
8 1 11 "1" NA 0 0 1 0 NA 0 12 0 NA NA 74 96 4 500000 NA NA 12 120 3 0 0.98536277 0.014637202 1.0 1.0 0.2910734 1.780545 2.5930457 2.0256644e-4 2.0256644e-4 2.0256644e-4 2.0256644e-4 2.0256644e-4 2.0256644e-4 2.0256644e-4 4.0104345e-4 0.0049262927 3.0205178e-4 0.003781987 2.0256644e-4 0.0032079772 0.13566567 0.0010866601 0.2910734 0.0036864143 0.19150867 0.23483562 0.02879265 0.079468325 3.0205178e-4 0.014262101 4.0104345e-4 0.0010866601 0.003590805 0.2910734 1.780545 2.5930457 
8 1 12 "1" NA 0 0 1 0 NA 0 12 0 NA NA 72 96 4 500000 NA NA 12 132 4 0 0.9982682 0.0017317891 0.99999994 1.0 0.5958751 0.74691814 1.8993155 5.4884174e-5 5.4884174e-5 5.4884174e-5 3.1966044e-4 5.4884174e-5 7.7945864e-5 7.7945864e-5 2.8515916e-4 0.025394907 5.4884174e-5 0.004823976 2.8515916e-4 0.029790338 0.5958751 0.003415804 0.09514397 0.0012038738 0.1955053 0.013170594 0.0017887786 0.02591302 5.4884174e-5 0.0044577015 5.4884174e-5 0.0011350327 9.5141976e-4 0.5958751 0.74691814 1.8993155 
8 1 13 "1" NA 0 0 1 0 NA 0 12 0 NA NA 71 96 4 500000 NA NA 12 144 5 0 0.9786511 0.02134894 1.0 1.0 0.21915857 2.1899529 2.7482724 2.0909344e-4 4.8751055e-4 2.0909344e-4 4.2212266e-4 2.0909344e-4 0.0023390453 5.627219e-4 5.627219e-4 0.088187836 2.0909344e-4 0.049587857 0.009210531 0.21915857 0.30110762 0.0012517736 0.1793299 4.925321e-4 0.08794372 0.011070379 4.2212266e-4 0.035035893 2.0909344e-4 0.008024942 2.0909344e-4 2.8047344e-4 0.0032672856 0.21915857 2.1899529 2.7482724 
8 1 14 "1" NA 0 0 1 0 NA 0 12 0 NA NA 69 96 4 500000 NA NA 12 156 4 0 0.9944902 0.0055097737 1.0 1.0 0.3909553 1.3549244 2.2472713 1.9097854e-4 1.5578781e-4 1.9097854e-4 0.0017213048 1.5578781e-4 4.0152043e-4 1.5578781e-4 6.812906e-4 0.036402702 0.0011533663 0.3909553 0.0015173777 0.08197262 0.35112038 0.0015521453 0.066601425 4.7154247e-4 0.03663109 0.0065559987 0.0011721161 0.013984834 2.2613314e-4 0.004239681 1.5578781e-4 0.0014432075 1.9097854e-4 0.3909553 1.3549244 2.2472713 
8 1 15 "1" NA 0 0 1 0 NA 0 12 0 NA NA 67 96 4 500000 NA NA 12 168 5 0 0.97262895 0.02737107 1.0 1.0 0.5042683 0.9877366 2.3648925 2.2751745e-4 0.0019968692 4.573361e-4 0.0077622165 3.0463593e-4 0.0040480597 0.0015729229 0.014502035 0.5042683 0.014067432 0.14807497 0.0023982076 0.16006386 0.02452259 3.0463593e-4 0.054957576 2.2751745e-4 0.03835899 0.0073383134 6.0858665e-4 0.0029563077 2.2751745e-4 0.010071039 2.2751745e-4 2.2751745e-4 2.2751745e-4 0.5042683 0.9877366 2.3648925 
8 1 16 "1" NA 0 0 1 0 NA 0 12 0 NA NA 65 96 4 500000 NA NA 12 180 6 1 0.6304831 0.3695169 1.0 1.0 0.031601377 4.9838686 3.56686 0.013059655 0.005864408 0.002897686 0.038425915 0.002897686 0.042101435 0.031601377 0.188721 0.13506396 0.0046414114 0.1795007 0.010853458 0.053313885 0.075708896 0.0024730768 0.037977125 0.002897686 0.111419946 0.017858123 0.0024730768 0.026278654 0.0024730768 0.0036537598 0.0024730768 0.002897686 0.0024730768 0.031601377 4.9838686 3.56686 
8 1 17 "1" NA 0 0 1 0 NA 0 12 0 NA NA 64 96 4 500000 NA NA 12 192 5 0 0.99960554 3.944623e-4 1.0 1.0 0.7119718 0.49010795 1.5350288 2.8741098e-4 2.8741098e-4 2.8741098e-4 0.026217837 2.8741098e-4 0.7119718 0.093193315 0.011020711 0.10241109 2.8741098e-4 0.0072000683 0.0012638695 2.8741098e-4 0.039217725 2.8741098e-4 7.7570556e-4 2.8741098e-4 2.8741098e-4 2.8741098e-4 2.8741098e-4 2.8741098e-4 2.8741098e-4 0.0012638695 2.8741098e-4 2.8741098e-4 2.8741098e-4 0.7119718 0.49010795 1.5350288 
8 1 18 "1" NA 0 0 1 0 NA 0 12 0 NA NA 72 96 4 500000 NA NA 12 204 6 0 0.914571 0.085429005 1.0 1.0 0.02810076 5.153247 2.9531991 0.0023070166 0.018921096 0.0069757365 0.2505803 0.0021845768 0.10547247 0.051726352 0.07434101 0.21154372 0.0034743475 0.19635645 7.5331307e-4 0.003759972 0.02810076 7.5331307e-4 0.032686695 7.5331307e-4 0.0032827156 7.5331307e-4 7.5331307e-4 7.5331307e-4 7.5331307e-4 7.5331307e-4 7.5331307e-4 7.5331307e-4 7.5331307e-4 0.02810076 5.153247 2.9531991 
8 1 19 "1" NA 0 0 1 0 NA 0 12 0 NA NA 67 96 4 500000 NA NA 12 216 3 0 0.93327194 0.0667281 1.0 1.0 0.17380188 2.5244844 2.7353556 2.5776387e-4 3.4108193e-4 2.5776387e-4 5.037011e-4 2.5776387e-4 0.014065903 6.625804e-4 6.625804e-4 0.17380188 2.5776387e-4 0.09394104 0.0035773402 0.24333717 0.2159692 0.0012007358 0.18315612 5.835288e-4 0.03934927 0.0062394426 5.037011e-4 0.012690373 2.5776387e-4 0.005295489 2.5776387e-4 3.4108193e-4 0.0022311385 0.17380188 2.5244844 2.7353556 
8 1 20 "1" NA 0 0 1 0 NA 0 12 0 NA NA 64 96 4 500000 NA NA 12 228 3 0 0.95665646 0.043343533 1.0 0.99999994 0.40641207 1.2989849 2.807434 0.0018647208 0.05074584 2.8129425e-4 0.009563704 2.8129425e-4 0.40641207 0.01008538 0.025748612 0.117259696 5.749187e-4 0.15734676 0.004598908 0.066989906 0.08486867 2.2118064e-4 0.01630432 0.0012558759 0.029425528 0.006012521 2.2118064e-4 0.008592961 2.2118064e-4 3.998892e-4 2.2118064e-4 2.8129425e-4 2.2118064e-4 0.40641207 1.2989849 2.807434 
8 1 21 "1" NA 0 0 1 0 NA 0 12 0 NA NA 63 96 4 500000 NA NA 12 240 3 0 0.94612426 0.053875726 1.0 1.0 0.001856252 9.073392 2.8077374 0.0021544448 0.041166488 0.012931389 0.16576642 0.001856252 0.08970167 0.02792955 0.078875564 0.23864657 0.0011803473 0.29764408 6.7684666e-4 0.004381607 0.021016764 6.7684666e-4 0.0029855832 6.7684666e-4 0.0063176723 6.7684666e-4 6.7684666e-4 6.7684666e-4 6.7684666e-4 6.7684666e-4 6.7684666e-4 6.7684666e-4 6.7684666e-4 0.001856252 9.073392 2.8077374 
8 1 22 "1" NA 0 0 1 0 NA 0 12 0 NA NA 64 96 4 500000 NA NA 12 252 1 1 0.84373254 0.15626745 0.99999994 1.0 0.35510814 1.4936696 3.2653022 0.010329812 0.010329812 0.010329812 0.09689816 0.09689816 0.35510814 0.010329812 0.19131058 0.010329812 0.010329812 0.010329812 0.010329812 0.042858485 0.010329812 0.010329812 0.010329812 0.010329812 0.010329812 0.010329812 0.010329812 0.010329812 0.010329812 0.010329812 0.010329812 0.010329812 0.010329812 0.35510814 1.4936696 3.2653022 
8 1 23 "1" NA 0 0 1 0 NA 0 12 0 NA NA 67 96 4 500000 NA NA 12 264 2 1 0.9805805 0.019419443 0.99999994 1.0 0.54741627 0.86928976 1.9750903 0.0014094977 0.009030646 0.0046162233 0.096761845 0.0014637797 0.041940168 0.012467132 0.24619234 0.54741627 7.5547805e-4 0.01805173 4.2452838e-4 0.0023796281 0.00937843 4.2452838e-4 0.0014094977 4.2452838e-4 0.0020573249 4.2452838e-4 4.2452838e-4 4.2452838e-4 4.2452838e-4 4.2452838e-4 4.2452838e-4 4.2452838e-4 4.2452838e-4 0.54741627 0.86928976 1.9750903 
8 1 24 "1" NA 0 0 1 0 NA 0 12 0 NA NA 64 96 4 500000 NA NA 12 276 2 1 0.8740099 0.12599006 1.0 1.0 0.07242449 3.7873785 2.8198376 0.0038687638 0.007555491 6.872037e-4 0.02898449 6.872037e-4 0.07242449 0.043214463 0.41446525 0.14715526 0.0013204177 0.09683306 0.002025503 0.028454563 0.10441299 5.516863e-4 0.012688758 6.872037e-4 0.018783886 0.004891018 5.516863e-4 0.006466703 5.516863e-4 9.4768853e-4 5.516863e-4 6.872037e-4 5.516863e-4 0.07242449 3.7873785 2.8198376 
8 1 25 "1" NA 0 0 1 0 NA 0 12 0 NA NA 60 96 4 500000 NA NA 12 288 2 1 0.7725916 0.2274085 0.99999994 1.0 0.043576572 4.5203037 3.3200252 0.0061289407 0.043576572 0.024794111 0.24409011 0.016012603 0.12330431 0.05377933 0.12489538 0.19386503 0.0037496495 0.05362098 0.0023810542 0.01067104 0.053868342 0.0023810542 0.007701201 0.0023810542 0.013751232 0.0023810542 0.0023810542 0.0023810542 0.0023810542 0.0023810542 0.0023810542 0.0023810542 0.0023810542 0.043576572 4.5203037 3.3200252 
8 1 26 "1" NA 0 0 1 0 NA 0 12 0 NA NA 59 96 4 500000 NA NA 12 300 3 0 0.9928777 0.0071222135 1.0 1.0 0.13217524 2.919476 1.9360567 0.13217524 0.033289865 0.0010138856 0.14059821 0.0010138856 0.58605826 3.406166e-4 3.406166e-4 0.041660607 3.406166e-4 0.054716412 3.406166e-4 3.406166e-4 0.0036833375 3.406166e-4 3.406166e-4 3.406166e-4 3.406166e-4 3.406166e-4 3.406166e-4 3.406166e-4 3.406166e-4 3.406166e-4 3.406166e-4 3.406166e-4 3.406166e-4 0.13217524 2.919476 1.9360567 
8 1 27 "1" NA 0 0 1 0 NA 0 12 0 NA NA 60 96 4 500000 NA NA 12 312 2 0 0.99936557 6.344676e-4 1.0 1.0 0.66709065 0.58404523 1.6434435 0.083882496 0.66709065 0.007958656 0.15754776 0.002654735 0.013701847 4.4295922e-4 0.0030968883 0.050787162 4.4295922e-4 4.4295922e-4 4.4295922e-4 0.0057491045 4.4295922e-4 4.4295922e-4 4.4295922e-4 4.4295922e-4 4.4295922e-4 4.4295922e-4 4.4295922e-4 4.4295922e-4 4.4295922e-4 4.4295922e-4 4.4295922e-4 4.4295922e-4 4.4295922e-4 0.66709065 0.58404523 1.6434435 
8 1 28 "1" NA 0 0 1 0 NA 0 12 0 NA NA 62 96 4 500000 NA NA 12 324 3 0 0.9619068 0.03809326 1.0 1.0 0.23088555 2.1147501 2.566258 0.27330413 0.11622447 0.002846843 0.23088555 0.002846843 0.084556654 9.895037e-4 9.895037e-4 0.23942553 9.895037e-4 0.02043761 9.895037e-4 9.895037e-4 0.012651059 9.895037e-4 9.895037e-4 9.895037e-4 9.895037e-4 9.895037e-4 9.895037e-4 9.895037e-4 9.895037e-4 9.895037e-4 9.895037e-4 9.895037e-4 9.895037e-4 0.23088555 2.1147501 2.566258 
8 1 29 "1" NA 0 0 1 0 NA 0 12 0 NA NA 60 96 4 500000 NA NA 12 336 3 0 0.9841178 0.015882215 1.0 1.0 0.047335677 4.4009285 2.6279855 0.20466103 0.047335677 0.008703874 0.2604019 6.3347677e-4 0.2858125 0.0033573427 0.018239306 0.09514094 3.5523233e-4 0.01082481 6.3347677e-4 0.053274028 0.0041650333 3.5523233e-4 0.0022753084 3.5523233e-4 6.3347677e-4 3.5523233e-4 3.5523233e-4 3.5523233e-4 3.5523233e-4 3.5523233e-4 3.5523233e-4 3.5523233e-4 3.5523233e-4 0.047335677 4.4009285 2.6279855 
8 1 30 "1" NA 0 0 1 0 NA 0 12 0 NA NA 64 96 4 500000 NA NA 12 348 2 0 0.99126965 0.008730378 1.0 1.0 0.39088902 1.355169 2.1023257 0.36843067 0.10829371 0.004282641 0.06934218 0.0014881417 0.39088902 5.0082785e-4 5.0082785e-4 0.010241519 5.0082785e-4 0.022074975 5.0082785e-4 5.0082785e-4 0.01644313 5.0082785e-4 5.0082785e-4 5.0082785e-4 5.0082785e-4 5.0082785e-4 5.0082785e-4 5.0082785e-4 5.0082785e-4 5.0082785e-4 5.0082785e-4 5.0082785e-4 5.0082785e-4 0.39088902 1.355169 2.1023257 
8 1 31 "1" NA 0 0 1 0 NA 0 12 0 NA NA 67 96 4 500000 NA NA 12 360 3 1 0.86915267 0.13084729 1.0 1.0 0.17417622 2.5213804 2.9708202 0.0033360382 0.034172956 0.009547866 0.20413081 0.036341473 0.21843205 0.03218515 0.20612301 0.17417622 0.0019193998 0.03197719 0.0011515814 0.0053067687 0.021683034 0.0011515814 0.0033360382 0.0011515814 0.0046645133 0.0011515814 0.0011515814 0.0011515814 0.0011515814 0.0011515814 0.0011515814 0.0011515814 0.0011515814 0.17417622 2.5213804 2.9708202 
8 1 32 "1" NA 0 0 1 0 NA 0 12 0 NA NA 64 96 4 500000 NA NA 12 372 2 1 0.7962505 0.20374951 1.0 0.99999994 0.18749164 2.4151018 3.2222812 0.005368684 0.009878611 0.0011121178 0.03362405 0.0011121178 0.18749164 0.057163164 0.09495271 0.20287105 0.002016243 0.16404206 0.0029773659 0.03306353 0.13823892 9.104257e-4 0.015842386 0.0011121178 0.026758721 0.006647149 9.104257e-4 0.008572918 9.104257e-4 0.0014904337 9.104257e-4 0.0011121178 9.104257e-4 0.18749164 2.4151018 3.2222812 
8 2 1 "2" NA 0 0 1 0 NA 0 0 0 NA NA 79 96 4 500000 NA NA 12 0 0 0 0.5 0.5 1.0 1.0 0.038461525 4.7004404 4.700439 0.038461525 0.038461525 0.038461525 0.038461525 0.038461525 0.038461525 0.038461525 0.038461525 0.038461525 0.038461525 0.038461525 0.038461525 0.038461525 0.038461525 0.038461525 0.038461525 0.038461525 0.038461525 0.038461525 0.038461525 0.038461525 0.038461525 0.038461525 0.038461525 0.038461525 0.038461525 0.038461525 4.7004404 4.700439 
8 2 2 "2" NA 0 0 1 0 NA 0 12 0 NA NA 76 96 4 500000 NA NA 12 12 0 0 0.9565252 0.0434748 1.0 1.0 0.1533729 2.7048845 3.071061 3.353381e-4 3.353381e-4 3.353381e-4 3.353381e-4 3.353381e-4 3.353381e-4 3.353381e-4 3.353381e-4 0.015386782 3.353381e-4 0.0018018469 3.353381e-4 0.017322274 0.030226123 5.883771e-4 0.052300226 3.353381e-4 0.1533729 0.17544793 0.0949044 0.24306849 0.009284989 0.1430617 0.0013232251 0.014523073 0.043699022 0.1533729 2.7048845 3.071061 
8 2 3 "2" NA 0 0 1 0 NA 0 12 0 NA NA 77 96 4 500000 NA NA 12 24 1 0 0.97423136 0.025768705 1.0 1.0 0.15225768 2.715413 2.8258865 2.4065113e-4 2.4065113e-4 2.4065113e-4 2.4065113e-4 2.4065113e-4 2.4065113e-4 2.4065113e-4 4.7278183e-4 0.007183068 3.5722472e-4 0.0048639947 2.4065113e-4 0.0036940165 0.1438044 0.0017991167 0.2725872 0.005271628 0.17890851 0.15225768 0.04407894 0.1373892 3.5722472e-4 0.031994577 0.0010157276 0.001266696 0.010772708 0.15225768 2.715413 2.8258865 
8 2 4 "2" NA 0 0 1 0 NA 0 12 0 NA NA 74 96 4 500000 NA NA 12 36 2 0 0.9872073 0.012792655 1.0 1.0 0.17976935 2.475781 2.5466592 2.2729051e-4 2.2729051e-4 2.2729051e-4 2.2729051e-4 2.2729051e-4 2.2729051e-4 0.0036985076 2.2729051e-4 0.002499912 6.0243765e-4 0.0064104646 3.2154305e-4 0.004843817 0.0036613117 0.002172526 0.17976935 0.01605096 0.26137623 0.10391096 0.024659324 0.3352525 0.004895702 0.040998377 0.002264255 3.2154305e-4 0.0046992428 0.17976935 2.475781 2.5466592 
8 2 5 "2" NA 0 0 1 0 NA 0 12 0 NA NA 72 96 4 500000 NA NA 12 48 3 0 0.9815236 0.018476442 1.0 1.0 0.3265396 1.6146702 2.6944451 2.4132195e-4 2.4132195e-4 2.4132195e-4 7.338428e-4 2.4132195e-4 3.407119e-4 3.407119e-4 0.0012196439 0.02006289 2.4132195e-4 0.008198318 0.0012196439 0.06555957 0.3265396 0.00638052 0.1843775 0.007220822 0.23406398 0.024180528 0.0031345894 0.088348016 2.4132195e-4 0.007822884 2.4132195e-4 0.004847581 0.0137193855 0.3265396 1.6146702 2.6944451 
8 2 6 "2" NA 0 0 1 0 NA 0 12 0 NA NA 67 96 4 500000 NA NA 12 60 4 0 0.969071 0.030929036 0.99999994 1.0 0.043128427 4.5352173 2.9099667 3.0875768e-4 7.1394135e-4 3.0875768e-4 6.190552e-4 3.0875768e-4 0.0029936822 8.2292897e-4 8.2292897e-4 0.043128427 3.0875768e-4 0.05235702 0.013462583 0.2275751 0.19860764 0.0018163318 0.19830212 7.212228e-4 0.15775618 0.014634706 6.190552e-4 0.06626773 3.0875768e-4 0.00960748 3.0875768e-4 4.1297183e-4 0.0069063627 0.043128427 4.5352173 2.9099667 
8 2 7 "2" NA 0 0 1 0 NA 0 12 0 NA NA 72 96 4 500000 NA NA 12 72 3 0 0.95975906 0.040240984 1.0 1.0 0.21104392 2.2443848 3.060921 0.0029524893 0.005530402 4.42661e-4 0.015223108 4.42661e-4 0.031071628 0.01865615 0.038149748 0.3323121 9.068254e-4 0.10260344 0.014956625 0.04078752 0.21104392 3.4779147e-4 0.07277028 0.0059851473 0.06508831 0.013375714 3.4779147e-4 0.024889456 3.4779147e-4 6.300073e-4 3.4779147e-4 4.42661e-4 3.4779147e-4 0.21104392 2.2443848 3.060921 
8 2 8 "2" NA 0 0 1 0 NA 0 12 0 NA NA 74 96 4 500000 NA NA 12 84 4 0 0.96990806 0.030091941 1.0 1.0 0.19448061 2.3623018 2.4369516 1.7565445e-4 2.3500163e-4 1.7565445e-4 3.5239657e-4 1.7565445e-4 0.006425139 4.6856672e-4 4.6856672e-4 0.042836312 1.7565445e-4 0.024160752 0.0027029677 0.077579774 0.27708998 8.691935e-4 0.19448061 4.1060956e-4 0.3403457 0.009840518 3.5239657e-4 0.012905722 1.7565445e-4 0.0050335596 1.7565445e-4 2.3500163e-4 0.002153304 0.19448061 2.3623018 2.4369516 
8 2 9 "2" NA 0 0 1 0 NA 0 12 0 NA NA 76 96 4 500000 NA NA 12 96 4 0 0.9935968 0.0064031715 0.99999994 1.0 0.61730826 0.695937 1.923894 1.4425511e-4 1.4425511e-4 1.4425511e-4 4.447118e-4 1.4425511e-4 2.0453335e-4 2.0453335e-4 7.4374233e-4 0.02051814 1.4425511e-4 0.0063292743 0.0013158588 0.03482412 0.15153036 0.0032016374 0.10831203 0.0035446307 0.61730826 0.015767947 0.002076209 0.026428498 1.4425511e-4 0.0034855094 1.4425511e-4 0.0016844306 0.0010658101 0.61730826 0.695937 1.923894 
8 2 10 "2" NA 0 0 1 0 NA 0 12 0 NA NA 74 96 4 500000 NA NA 12 108 5 0 0.92728704 0.07271291 1.0 1.0 0.25594836 1.9660752 2.7792625 2.479722e-4 2.479722e-4 2.479722e-4 2.479722e-4 2.479722e-4 2.479722e-4 2.479722e-4 4.715679e-4 0.023999281 5.2960176e-4 0.006876315 2.479722e-4 0.0052413675 0.118755326 0.0016658305 0.25594836 0.0056924215 0.16615707 0.25920874 0.044315606 0.084042676 3.611521e-4 0.017474847 4.715679e-4 0.001513438 0.005291128 0.25594836 1.9660752 2.7792625 
8 2 11 "2" NA 0 0 1 0 NA 0 12 0 NA NA 76 96 4 500000 NA NA 12 120 6 0 0.9793478 0.020652154 1.0 1.0 0.21502726 2.2174087 2.3172727 6.994178e-5 6.994178e-5 6.994178e-5 3.9398062e-4 6.994178e-5 9.867229e-5 9.867229e-5 3.5221933e-4 0.023874512 6.994178e-5 0.008136447 3.5221933e-4 0.043952286 0.46003324 0.0055685462 0.14786361 0.0014469442 0.21502726 0.02579521 0.0021338705 0.05561681 6.994178e-5 0.006251444 6.994178e-5 0.0013657273 0.0011486305 0.21502726 2.2174087 2.3172727 
8 2 12 "2" NA 0 0 1 0 NA 0 12 0 NA NA 77 96 4 500000 NA NA 12 132 6 1 0.78920704 0.21079291 1.0 1.0 0.23125683 2.112432 2.780972 5.17979e-4 5.17979e-4 5.17979e-4 5.17979e-4 5.17979e-4 5.17979e-4 5.17979e-4 8.951322e-4 0.010578416 0.0015920434 0.008292652 5.17979e-4 0.007549416 0.08575855 0.0026203508 0.31465346 0.0054584825 0.10847141 0.23125683 0.04801209 0.14064883 7.133204e-4 0.019872319 8.951322e-4 0.002414892 0.0061728302 0.23125683 2.112432 2.780972 
8 2 13 "2" NA 0 0 1 0 NA 0 12 0 NA NA 79 96 4 500000 NA NA 12 144 6 1 0.96717787 0.03282222 1.0 1.0 0.28760844 1.797822 2.4765391 1.7324326e-4 1.7324326e-4 1.7324326e-4 1.7324326e-4 1.7324326e-4 1.7324326e-4 7.11443e-4 1.7324326e-4 0.0066357353 4.5019243e-4 0.03821518 2.4336466e-4 0.004896079 0.0045496337 0.0015817907 0.1482756 0.011681193 0.3618578 0.079527386 0.019520892 0.28760844 0.0035062265 0.026194496 0.0016471944 2.4336466e-4 0.0014413246 0.28760844 1.797822 2.4765391 
8 2 14 "2" NA 0 0 1 0 NA 0 12 0 NA NA 84 96 4 500000 NA NA 12 156 6 0 0.9093831 0.09061685 1.0 1.0 0.048402555 4.368773 2.8921518 1.2936124e-4 1.2936124e-4 1.2936124e-4 1.2936124e-4 1.2936124e-4 1.2936124e-4 1.2936124e-4 1.2936124e-4 0.015611492 1.2936124e-4 6.3981244e-4 1.2936124e-4 0.010100999 0.040111493 2.2077237e-4 0.053363245 1.2936124e-4 0.20680152 0.18518388 0.029819682 0.21663275 0.004937442 0.18106122 0.0010372561 0.0046529155 0.048402555 0.048402555 4.368773 2.8921518 
8 2 15 "2" NA 0 0 1 0 NA 0 12 0 NA NA 79 96 4 500000 NA NA 12 168 5 0 0.9951254 0.0048746024 1.0 1.0 0.48587707 1.0413368 2.2057407 2.5167025e-4 2.5167025e-4 2.5167025e-4 2.5167025e-4 2.5167025e-4 2.5167025e-4 2.5167025e-4 2.5167025e-4 8.7548327e-4 2.5167025e-4 2.5167025e-4 2.5167025e-4 5.640241e-4 0.016581161 2.5167025e-4 0.0014968903 2.5167025e-4 0.075805485 0.004898732 8.7548327e-4 0.48587707 2.5167025e-4 0.12019719 0.0045901476 0.15571083 0.12900399 0.48587707 1.0413368 2.2057407 
8 2 16 "2" NA 0 0 1 0 NA 0 12 0 NA NA 77 96 4 500000 NA NA 12 180 6 0 0.9952846 0.004715404 1.0 0.99999994 0.033110697 4.9165587 1.8704337 3.2586733e-5 3.2586733e-5 3.2586733e-5 3.2586733e-5 3.2586733e-5 3.2586733e-5 3.2586733e-5 3.2586733e-5 0.0017459935 3.2586733e-5 1.8744315e-4 3.2586733e-5 0.0019750805 0.003525004 5.8493817e-5 0.006236337 3.2586733e-5 0.3468685 0.033110697 0.011593074 0.45744547 0.0010322557 0.12316814 1.3594142e-4 0.0016441327 0.01091494 0.033110697 4.9165587 1.8704337 
8 2 17 "2" NA 0 0 1 0 NA 0 12 0 NA NA 79 96 4 500000 NA NA 12 192 2 0 0.99984056 1.5944696e-4 1.0 1.0 0.02834073 5.1409793 1.1492224 8.606253e-5 8.606253e-5 8.606253e-5 8.606253e-5 8.606253e-5 8.606253e-5 1.9474773e-4 8.606253e-5 0.0016253662 2.3097357e-4 0.0019512881 1.2229252e-4 0.0022047767 0.0013416851 8.467276e-4 0.055563346 0.007026523 0.81986904 0.05753421 0.0096030915 0.02834073 0.0017521152 0.008758327 8.829453e-4 5.1471824e-4 5.931958e-4 0.02834073 5.1409793 1.1492224 
8 2 18 "2" NA 0 0 1 0 NA 0 12 0 NA NA 76 96 4 500000 NA NA 12 204 2 1 0.7541827 0.24581733 1.0 1.0 0.21071644 2.2466252 3.1259818 5.379779e-4 5.379779e-4 5.379779e-4 5.379779e-4 5.379779e-4 5.379779e-4 5.379779e-4 5.379779e-4 0.021024616 5.379779e-4 0.0020254832 5.379779e-4 0.014490779 0.041882217 8.3808205e-4 0.046852093 5.379779e-4 0.21071644 0.21562192 0.047196772 0.14607897 0.011028612 0.13036527 0.0030237827 0.010498885 0.092438236 0.21071644 2.2466252 3.1259818 
8 2 19 "2" NA 0 0 1 0 NA 0 12 0 NA NA 77 96 4 500000 NA NA 12 216 3 1 0.48545274 0.5145472 1.0 1.0 0.40489674 1.3043741 2.6941168 0.0019216125 0.0019216125 0.0019216125 0.0019216125 0.0019216125 0.0019216125 0.0019216125 0.002690306 0.012218889 0.0023396441 0.008594882 0.0019216125 0.007493707 0.0580064 0.0052361297 0.2777754 0.008946561 0.05524161 0.40489674 0.025776567 0.058684517 0.0023396441 0.028117798 0.003938159 0.0043961946 0.017934011 0.40489674 1.3043741 2.6941168 
8 2 20 "2" NA 0 0 1 0 NA 0 12 0 NA NA 74 96 4 500000 NA NA 12 228 4 2 0.88795227 0.11204774 1.0 1.0 0.20841254 2.262486 2.554797 3.353413e-4 3.353413e-4 3.353413e-4 3.353413e-4 3.353413e-4 3.353413e-4 0.007604151 3.353413e-4 0.0028982274 8.0585276e-4 0.0067605088 4.581393e-4 0.005254286 0.0040849196 0.0025544756 0.20841254 0.015435264 0.19880514 0.095149636 0.022711467 0.3745595 0.0053048823 0.038631164 0.002651284 4.581393e-4 0.0051130136 0.20841254 2.262486 2.554797 
8 2 21 "2" NA 0 0 1 0 NA 0 12 0 NA NA 72 96 4 500000 NA NA 12 240 4 1 0.8585088 0.14149114 1.0 1.0 0.3740427 1.4187251 2.5812647 3.846835e-4 3.846835e-4 3.846835e-4 0.0010175937 3.846835e-4 5.2014063e-4 5.2014063e-4 0.0015869116 0.018377706 3.846835e-4 0.008401069 0.0015869116 0.051770665 0.3740427 0.006746996 0.12790078 0.00751808 0.27830178 0.021637285 0.0036234434 0.067205764 3.846835e-4 0.0080635855 3.846835e-4 0.0053056097 0.01318012 0.3740427 1.4187251 2.5812647 
8 2 22 "2" NA 0 0 1 0 NA 0 12 0 NA NA 76 96 4 500000 NA NA 12 252 5 1 0.73199975 0.26800025 1.0 1.0 0.10544707 3.245409 3.1611986 0.001164685 0.002193785 0.001164685 0.001969755 0.001164685 0.006477984 0.0024423047 0.0024423047 0.12256282 0.001164685 0.055400565 0.018907843 0.15903859 0.14504832 0.0044413833 0.26297903 0.0022106653 0.10544707 0.020250425 0.001969755 0.052529763 0.001164685 0.015629971 0.001164685 0.0014508173 0.009618756 0.10544707 3.245409 3.1611986 
8 2 23 "2" NA 0 0 1 0 NA 0 12 0 NA NA 72 96 4 500000 NA NA 12 264 5 0 0.888353 0.11164696 1.0 1.0 0.07805221 3.6794167 2.4721131 1.6979301e-4 1.6979301e-4 1.6979301e-4 1.6979301e-4 1.6979301e-4 1.6979301e-4 1.6979301e-4 3.1429733e-4 0.010288922 2.4341703e-4 0.00484704 1.6979301e-4 0.0020486854 0.07805221 7.720105e-4 0.40694642 0.0023222254 0.14745401 0.1355899 0.0254235 0.16748549 2.4341703e-4 0.013255868 3.1429733e-4 7.720105e-4 0.0022678564 0.07805221 3.6794167 2.4721131 
8 2 24 "2" NA 0 0 1 0 NA 0 12 0 NA NA 67 96 4 500000 NA NA 12 276 5 0 0.9373216 0.062678315 1.0 1.0 0.05364461 4.2204227 2.8624463 2.3363449e-4 3.0952913e-4 2.3363449e-4 4.578788e-4 2.3363449e-4 0.001908406 6.0302176e-4 6.0302176e-4 0.05364461 2.3363449e-4 0.051703494 0.0032796878 0.11966273 0.2665382 0.001656197 0.16638812 5.3078315e-4 0.22902459 0.0140974885 0.0021533163 0.04811393 2.3363449e-4 0.03337624 2.3363449e-4 9.030116e-4 0.0036440268 0.05364461 4.2204227 2.8624463 
8 2 25 "2" NA 0 0 1 0 NA 0 12 0 NA NA 72 96 4 500000 NA NA 12 288 3 1 0.8430556 0.15694436 1.0 1.0 0.2315301 2.1107283 3.233429 0.003878382 0.0067309374 7.3239167e-4 0.016381381 7.3239167e-4 0.040842302 0.016073085 0.036713284 0.21771857 0.0013750683 0.12671705 0.008592852 0.032766413 0.2315301 5.9255486e-4 0.07093649 0.002737591 0.12656589 0.02806896 5.9255486e-4 0.02621295 5.9255486e-4 9.985735e-4 5.9255486e-4 7.3239167e-4 5.9255486e-4 0.2315301 2.1107283 3.233429 
8 2 26 "2" NA 0 0 1 0 NA 0 12 0 NA NA 74 96 4 500000 NA NA 12 300 3 1 0.95680404 0.043195974 1.0 1.0 0.15625124 2.6780605 2.2738426 1.5031279e-4 2.003087e-4 1.5031279e-4 2.9873304e-4 1.5031279e-4 0.005237201 3.9568645e-4 3.9568645e-4 0.03427079 1.5031279e-4 0.019344412 0.002229144 0.06114326 0.31570747 7.2789844e-4 0.15625124 3.4736303e-4 0.37775615 0.007975051 2.9873304e-4 0.010420934 1.5031279e-4 0.004116463 1.5031279e-4 2.003087e-4 0.0017812982 0.15625124 2.6780605 2.2738426 
8 2 27 "2" NA 0 0 1 0 NA 0 12 0 NA NA 72 96 4 500000 NA NA 12 312 3 1 0.9710155 0.028984552 0.99999994 1.0 0.16404426 2.607843 2.0180802 1.7424105e-4 1.7424105e-4 1.7424105e-4 5.235831e-4 1.7424105e-4 2.4509663e-4 2.4509663e-4 8.654732e-4 0.022142475 1.7424105e-4 0.0070153708 0.0015115031 0.037131894 0.16404426 0.0036040898 0.11254958 0.0039809793 0.590015 0.017118372 0.0023603123 0.028357124 1.7424105e-4 0.0039160773 1.7424105e-4 0.0019240465 0.0012301547 0.16404426 2.607843 2.0180802 
8 2 28 "2" NA 0 0 1 0 NA 0 12 0 NA NA 71 96 4 500000 NA NA 12 324 4 1 0.79922014 0.20077983 0.99999994 1.0 0.15511818 2.6885602 3.059277 6.710416e-4 0.0020657836 6.710416e-4 0.0011909936 6.710416e-4 0.0043693455 0.0015061665 0.0015061665 0.14254035 6.710416e-4 0.048482027 0.016756939 0.15511818 0.13468441 0.0035124698 0.25708154 0.0013508962 0.1402655 0.032816507 0.0011909936 0.032891057 6.710416e-4 0.011877659 6.710416e-4 8.5293286e-4 0.0059138876 0.15511818 2.6885602 3.059277 
8 2 29 "2" NA 0 0 1 0 NA 0 12 0 NA NA 72 96 4 500000 NA NA 12 336 3 0 0.99304974 0.006950224 1.0 1.0 0.2825967 1.8231834 2.3254654 2.3793141e-4 1.9414618e-4 2.3793141e-4 0.0021376768 1.9414618e-4 4.996978e-4 1.9414618e-4 8.4722665e-4 0.04479338 0.0014331886 0.41805157 0.001884765 0.10780347 0.2825967 0.0019278874 0.07719491 5.8670464e-4 0.033965986 0.005286673 0.0014564533 0.012609297 2.8166e-4 0.0033595352 1.9414618e-4 0.0017927672 2.3793141e-4 0.2825967 1.8231834 2.3254654 
8 2 30 "2" NA 0 0 1 0 NA 0 12 0 NA NA 64 96 4 500000 NA NA 12 348 4 0 0.95758694 0.04241303 1.0 1.0 0.0056384862 7.4704766 2.7412336 3.0939674e-4 4.1240282e-4 3.0939674e-4 9.865488e-4 3.0939674e-4 0.0056384862 8.1510766e-4 0.0015453005 0.06709934 3.0939674e-4 0.0774209 0.004941462 0.16653536 0.1446652 0.0035023768 0.37022513 0.0014485979 0.09970852 0.009109483 6.1524374e-4 0.030038936 3.0939674e-4 0.010189874 3.0939674e-4 4.1240282e-4 0.0028329617 0.0056384862 7.4704766 2.7412336 
8 2 31 "2" NA 0 0 1 0 NA 0 12 0 NA NA 67 96 4 500000 NA NA 12 360 3 0 0.9755662 0.02443383 1.0 1.0 0.17089267 2.5488377 2.807867 0.002410427 0.01582566 0.007846604 0.20496005 0.002410427 0.11426747 0.2730179 0.13431893 0.17089267 0.0012960936 0.03944074 7.3046796e-4 0.004058594 0.015297608 7.3046796e-4 0.002410427 7.3046796e-4 0.0035114996 7.3046796e-4 7.3046796e-4 7.3046796e-4 7.3046796e-4 7.3046796e-4 7.3046796e-4 7.3046796e-4 7.3046796e-4 0.17089267 2.5488377 2.807867 
8 2 32 "2" NA 0 0 1 0 NA 0 12 0 NA NA 64 96 4 500000 NA NA 12 372 3 0 0.9675214 0.032478586 1.0 1.0 0.048130915 4.3768926 2.4230144 0.002160046 0.0045316326 3.1891916e-4 0.020073835 3.1891916e-4 0.048130915 0.12383657 0.035074934 0.15339042 6.5713126e-4 0.06155031 0.0010552489 0.019667955 0.5022124 2.500812e-4 0.008044537 3.1891916e-4 0.010018179 0.0028001715 2.500812e-4 0.0038145615 2.500812e-4 4.5519203e-4 2.500812e-4 3.1891916e-4 2.500812e-4 0.048130915 4.3768926 2.4230144 
8 3 1 "3" NA 0 0 1 0 NA 0 0 0 NA NA 60 96 4 500000 NA NA 12 0 0 0 0.5 0.5 1.0 1.0 0.038461525 4.7004404 4.700439 0.038461525 0.038461525 0.038461525 0.038461525 0.038461525 0.038461525 0.038461525 0.038461525 0.038461525 0.038461525 0.038461525 0.038461525 0.038461525 0.038461525 0.038461525 0.038461525 0.038461525 0.038461525 0.038461525 0.038461525 0.038461525 0.038461525 0.038461525 0.038461525 0.038461525 0.038461525 0.038461525 4.7004404 4.700439 
8 3 2 "3" NA 0 0 1 0 NA 0 12 0 NA NA 64 96 4 500000 NA NA 12 12 0 0 0.98915696 0.010843088 1.0 1.0 0.105301656 3.2473998 2.4883652 0.42564097 0.15803345 0.0048765014 0.19513434 0.0048765014 0.105301656 0.0016449798 0.0016449798 0.033422813 0.0016449798 0.027118627 0.0016449798 0.0016449798 0.017630368 0.0016449798 0.0016449798 0.0016449798 0.0016449798 0.0016449798 0.0016449798 0.0016449798 0.0016449798 0.0016449798 0.0016449798 0.0016449798 0.0016449798 0.105301656 3.2473998 2.4883652 
8 3 3 "3" NA 0 0 1 0 NA 0 12 0 NA NA 67 96 4 500000 NA NA 12 24 1 0 0.9713525 0.028647471 1.0 1.0 0.21002248 2.2513843 2.8881507 0.003055322 0.03198258 0.009895343 0.30326504 0.027691888 0.15732744 0.03848007 0.13632494 0.21002248 0.001647264 0.038202308 9.3068695e-4 0.0051328833 0.019236246 9.3068695e-4 0.003055322 9.3068695e-4 0.0044437535 9.3068695e-4 9.3068695e-4 9.3068695e-4 9.3068695e-4 9.3068695e-4 9.3068695e-4 9.3068695e-4 9.3068695e-4 0.21002248 2.2513843 2.8881507 
8 3 4 "3" NA 0 0 1 0 NA 0 12 0 NA NA 72 96 4 500000 NA NA 12 36 2 0 0.9660394 0.03396062 1.0 1.0 0.18323296 2.448249 2.9632683 0.003556149 0.0074521005 5.26587e-4 0.032935504 5.26587e-4 0.15340945 0.04132656 0.0574989 0.29152763 0.0010838287 0.1484895 0.0017391953 0.032270577 0.18323296 4.130783e-4 0.013217316 5.26587e-4 0.016454514 0.004608174 4.130783e-4 0.0062745595 4.130783e-4 7.5118593e-4 4.130783e-4 5.26587e-4 4.130783e-4 0.18323296 2.448249 2.9632683 
8 3 5 "3" NA 0 0 1 0 NA 0 12 0 NA NA 71 96 4 500000 NA NA 12 48 3 0 0.98105603 0.01894392 0.99999994 1.0 0.2871214 1.8002672 2.6994174 2.5069687e-4 3.3652215e-4 2.5069687e-4 5.069871e-4 2.5069687e-4 0.009637633 6.763304e-4 6.763304e-4 0.05524227 2.5069687e-4 0.041911565 0.003980852 0.2871214 0.23692687 0.0012635379 0.19179408 5.9177616e-4 0.12220658 0.009316631 5.069871e-4 0.024833433 2.5069687e-4 0.0074664494 2.5069687e-4 3.3652215e-4 0.0031630464 0.2871214 1.8002672 2.6994174 
8 3 6 "3" NA 0 0 1 0 NA 0 12 0 NA NA 72 96 4 500000 NA NA 12 60 4 0 0.99971074 2.8932342e-4 1.0 1.0 0.2087101 2.2604277 1.4682499 9.737053e-5 7.934365e-5 9.737053e-5 6.1163877e-4 7.934365e-5 2.055156e-4 7.934365e-5 3.4968325e-4 0.011996748 5.9362187e-4 0.67499334 7.8209897e-4 0.06140902 0.2087101 8.001144e-4 0.024117505 2.4155965e-4 0.0071499203 0.0013807139 6.033233e-4 0.0033673411 1.1539643e-4 8.4723113e-4 7.934365e-5 4.674992e-4 9.737053e-5 0.2087101 2.2604277 1.4682499 
8 3 7 "3" NA 0 0 1 0 NA 0 12 0 NA NA 69 96 4 500000 NA NA 12 72 4 0 0.94687265 0.053127315 1.0 1.0 0.061569005 4.0216517 2.6935496 3.380409e-4 4.491369e-4 3.380409e-4 0.0010639896 3.380409e-4 0.0061128377 8.8097056e-4 0.0016582545 0.06468025 3.380409e-4 0.061569005 0.0052341362 0.1466304 0.1385159 0.0027075147 0.39893648 0.0015556074 0.115961015 0.009583215 6.6705316e-4 0.02759094 3.380409e-4 0.010706356 3.380409e-4 4.491369e-4 0.0030194907 0.061569005 4.0216517 2.6935496 
8 3 8 "3" NA 0 0 1 0 NA 0 12 0 NA NA 71 96 4 500000 NA NA 12 84 3 0 0.9832515 0.016748486 1.0 1.0 0.1531738 2.7067585 2.6628337 3.676757e-4 0.0017366869 7.4472744e-4 0.007680757 4.9387355e-4 0.005922889 0.0053673014 0.034302313 0.43021956 0.0027184817 0.16448247 0.004447164 0.1531738 0.05601751 0.015294066 0.070618205 3.676757e-4 0.011749951 0.0206701 0.0019336693 0.0023021162 3.676757e-4 0.007918319 3.676757e-4 3.676757e-4 3.676757e-4 0.1531738 2.7067585 2.6628337 
8 3 9 "3" NA 0 0 1 0 NA 0 12 0 NA NA 67 96 4 500000 NA NA 12 96 4 0 0.9296017 0.0703983 1.0 1.0 0.11790414 3.0843139 2.7504773 7.4988854e-4 6.198932e-4 7.4988854e-4 0.008366601 6.198932e-4 0.012276313 6.198932e-4 0.0043412237 0.11790414 0.004679303 0.18999706 0.0052044564 0.12726551 0.36724088 0.011462637 0.09676713 0.0017455033 0.019124307 0.0017455033 0.0062854877 0.016013477 8.781899e-4 0.0019864764 6.198932e-4 0.0019864764 7.4988854e-4 0.11790414 3.0843139 2.7504773 
8 3 10 "3" NA 0 0 1 0 NA 0 12 0 NA NA 72 96 4 500000 NA NA 12 108 4 0 0.810225 0.18977503 1.0 1.0 0.15682836 2.6727417 3.4565887 0.0093209995 0.0057573877 0.001776475 0.04884803 0.001776475 0.045481328 0.020630702 0.10407685 0.17892216 0.021104079 0.20365472 0.004838899 0.06618833 0.15682836 0.0014491975 0.05375431 0.001776475 0.03150022 0.011912972 0.0014491975 0.017733399 0.0014491975 0.005095537 0.0014491975 0.001776475 0.0014491975 0.15682836 2.6727417 3.4565887 
8 3 11 "3" NA 0 0 1 0 NA 0 12 0 NA NA 76 96 4 500000 NA NA 12 120 3 1 0.7845291 0.21547091 1.0 1.0 0.11591124 3.1089077 2.883086 6.983143e-4 8.836932e-4 6.983143e-4 0.0012263962 6.983143e-4 0.012924031 0.001544259 0.001544259 0.046899907 6.983143e-4 0.120827034 0.006372738 0.32210004 0.16048858 0.0025455183 0.1480574 0.0013878343 0.11591124 0.012578633 0.0012263962 0.022568416 6.983143e-4 0.010537768 6.983143e-4 8.836932e-4 0.0053022704 0.11591124 3.1089077 2.883086 
8 3 12 "3" NA 0 0 1 0 NA 0 12 0 NA NA 79 96 4 500000 NA NA 12 132 3 0 0.9892015 0.010798517 0.99999994 1.0 0.3562498 1.4890388 2.4773862 7.7009354e-5 7.7009354e-5 7.7009354e-5 7.7009354e-5 7.7009354e-5 7.7009354e-5 7.7009354e-5 1.5287017e-4 0.029361766 1.1500936e-4 0.003216173 7.7009354e-5 0.0012327651 0.11778827 4.1582566e-4 0.2186925 0.0014173868 0.17441688 0.06835052 0.016917473 0.3562498 1.1500936e-4 0.008992504 1.5287017e-4 4.1582566e-4 0.0013804848 0.3562498 1.4890388 2.4773862 
8 3 13 "3" NA 0 0 1 0 NA 0 12 0 NA NA 77 96 4 500000 NA NA 12 144 4 0 0.9639309 0.03606914 1.0 1.0 0.15588269 2.6814673 2.983986 2.2660306e-4 2.2660306e-4 2.2660306e-4 2.2660306e-4 2.2660306e-4 2.2660306e-4 2.2660306e-4 2.2660306e-4 0.02366461 2.2660306e-4 0.0016064976 2.2660306e-4 0.014454064 0.029498156 3.9932897e-4 0.050041575 2.2660306e-4 0.16586944 0.15588269 0.07635759 0.2969348 0.006613869 0.11733642 0.0010926612 0.011534179 0.046221517 0.15588269 2.6814673 2.983986 
8 3 14 "3" NA 0 0 1 0 NA 0 12 0 NA NA 79 96 4 500000 NA NA 12 156 4 0 0.9984799 0.0015201333 1.0 1.0 0.034224812 4.8688135 1.8635136 9.309236e-5 9.309236e-5 9.309236e-5 9.309236e-5 9.309236e-5 9.309236e-5 2.1042132e-4 9.309236e-5 0.0034385365 2.495047e-4 0.0021017296 1.322185e-4 0.0023743669 0.0014458639 9.130455e-4 0.24575283 0.007555071 0.56508964 0.09190208 0.010321064 0.034224812 0.0018874767 0.02960222 9.520455e-4 5.554086e-4 6.399662e-4 0.034224812 4.8688135 1.8635136 
8 3 15 "3" NA 0 0 1 0 NA 0 12 0 NA NA 76 96 4 500000 NA NA 12 168 3 0 0.9271358 0.07286416 1.0 1.0 0.31876317 1.6494431 2.8184376 1.6754496e-4 1.6754496e-4 1.6754496e-4 1.6754496e-4 1.6754496e-4 1.6754496e-4 1.6754496e-4 1.6754496e-4 0.015176527 1.6754496e-4 8.5493445e-4 1.6754496e-4 0.009604368 0.035408814 2.8893733e-4 0.04064234 1.6754496e-4 0.31876317 0.178782 0.04101023 0.16447191 0.006866045 0.14299846 0.001399144 0.006462887 0.035427276 0.31876317 1.6494431 2.8184376 
8 3 16 "3" NA 0 0 1 0 NA 0 12 0 NA NA 77 96 4 500000 NA NA 12 180 4 0 0.92635727 0.073642716 1.0 1.0 0.15031426 2.7339463 2.787214 2.109668e-4 2.109668e-4 2.109668e-4 2.109668e-4 2.109668e-4 2.109668e-4 2.109668e-4 4.0093638e-4 0.0071982006 3.071408e-4 0.003678422 2.109668e-4 0.0028316479 0.14067517 0.0014287401 0.25485906 0.0039709616 0.12810458 0.15031426 0.029913051 0.22218895 3.071408e-4 0.035310872 8.296062e-4 0.0010234213 0.01497004 0.15031426 2.7339463 2.787214 
8 3 17 "3" NA 0 0 1 0 NA 0 12 0 NA NA 74 96 4 500000 NA NA 12 192 4 0 0.9580327 0.04196733 0.99999994 1.0 0.19340535 2.3703005 2.534467 2.3552353e-4 2.3552353e-4 2.3552353e-4 2.3552353e-4 2.3552353e-4 2.3552353e-4 0.00683257 2.3552353e-4 0.0024132552 6.0653314e-4 0.0060184137 3.297918e-4 0.0045853965 0.003494765 0.0021059357 0.19340535 0.014666062 0.23111363 0.10436331 0.022247575 0.35509896 0.004633054 0.039462294 0.0021921718 3.297918e-4 0.0044525205 0.19340535 2.3703005 2.534467 
8 3 18 "3" NA 0 0 1 0 NA 0 12 0 NA NA 72 96 4 500000 NA NA 12 204 5 0 0.9914878 0.008512212 1.0 1.0 0.43512788 1.2004886 2.3980331 1.7005841e-4 1.7005841e-4 1.7005841e-4 5.2300724e-4 1.7005841e-4 2.4094018e-4 2.4094018e-4 8.737304e-4 0.014787138 1.7005841e-4 0.0059878337 8.737304e-4 0.048904326 0.43512788 0.0046483185 0.13898823 0.0052671037 0.2368147 0.017855806 0.0022671842 0.06610331 1.7005841e-4 0.0057109087 1.7005841e-4 0.0035217085 0.010072786 0.43512788 1.2004886 2.3980331 
8 3 19 "3" NA 0 0 1 0 NA 0 12 0 NA NA 71 96 4 500000 NA NA 12 216 6 0 0.92605424 0.073945716 1.0 1.0 0.23455617 2.0919948 2.933928 4.0322935e-4 8.983324e-4 4.0322935e-4 7.838865e-4 4.0322935e-4 0.0036444045 0.0010289589 0.0010289589 0.048398934 4.0322935e-4 0.06176254 0.013704837 0.23455617 0.18043694 0.0021926446 0.17969824 9.070859e-4 0.18575473 0.014947343 7.838865e-4 0.0499206 4.0322935e-4 0.010771357 4.0322935e-4 5.324126e-4 0.005828238 0.23455617 2.0919948 2.933928 
8 3 20 "3" NA 0 0 1 0 NA 0 12 0 NA NA 69 96 4 500000 NA NA 12 228 4 1 0.98221916 0.017780839 0.99999994 1.0 0.3891393 1.3616414 1.8881569 1.0697493e-4 8.748274e-5 1.0697493e-4 9.383677e-4 8.748274e-5 2.2285532e-4 8.748274e-5 3.7567678e-4 0.017452791 6.318706e-4 0.3891393 8.2848495e-4 0.03641332 0.42841214 8.472313e-4 0.09972571 2.6120097e-4 0.013328933 0.0022978652 6.420149e-4 0.0054289494 1.2640268e-4 0.0014674688 8.748274e-5 7.884757e-4 1.0697493e-4 0.3891393 1.3616414 1.8881569 
8 3 21 "3" NA 0 0 1 0 NA 0 12 0 NA NA 67 96 4 500000 NA NA 12 240 5 0 0.93351555 0.06648447 1.0 1.0 0.35841295 1.4803052 2.799977 2.9112003e-4 0.0023413787 5.689828e-4 0.008617793 3.8524828e-4 0.004613465 0.0018620755 0.015700862 0.35841295 0.013962776 0.16869624 0.002791324 0.15633918 0.023517255 3.8524828e-4 0.046992272 2.9112003e-4 0.078272074 0.0068166517 7.485072e-4 0.0034120788 2.9112003e-4 0.103816755 2.9112003e-4 2.9112003e-4 2.9112003e-4 0.35841295 1.4803052 2.799977 
8 3 22 "3" NA 0 0 1 0 NA 0 12 0 NA NA 65 96 4 500000 NA NA 12 252 5 0 0.80560714 0.19439283 1.0 1.0 0.03435478 4.863345 3.4191356 0.010968436 0.003943277 0.0016019219 0.04355339 0.0016019219 0.04944769 0.03435478 0.13208033 0.20516507 0.0029246223 0.12310681 0.008658828 0.06362764 0.19308303 0.0013083193 0.040058587 0.0016019219 0.03516975 0.015162397 0.0013083193 0.023591865 0.0013083193 0.002154257 0.0013083193 0.0016019219 0.0013083193 0.03435478 4.863345 3.4191356 
8 3 23 "3" NA 0 0 1 0 NA 0 12 0 NA NA 64 96 4 500000 NA NA 12 264 5 0 0.9997911 2.0891553e-4 1.0 1.0 0.7476713 0.41952395 1.401503 2.5182156e-4 2.5182156e-4 2.5182156e-4 0.0229906 2.5182156e-4 0.7476713 0.081741095 0.009662582 0.08982771 2.5182156e-4 0.006312274 0.0011076719 2.5182156e-4 0.03439286 2.5182156e-4 6.797772e-4 2.5182156e-4 2.5182156e-4 2.5182156e-4 2.5182156e-4 2.5182156e-4 2.5182156e-4 0.0011076719 2.5182156e-4 2.5182156e-4 2.5182156e-4 0.7476713 0.41952395 1.401503 
8 3 24 "3" NA 0 0 1 0 NA 0 12 0 NA NA 62 96 4 500000 NA NA 12 276 6 0 0.8699427 0.13005728 1.0 1.0 0.2384144 2.0684566 3.10516 0.0029401584 0.022349369 0.008422891 0.2384144 0.0029401584 0.10532826 0.05416563 0.08009326 0.22584136 0.004396986 0.111914374 0.0010139452 0.0046790005 0.09507519 0.0010139452 0.028173054 0.0010139452 0.004112239 0.0010139452 0.0010139452 0.0010139452 0.0010139452 0.0010139452 0.0010139452 0.0010139452 0.0010139452 0.2384144 2.0684566 3.10516 
8 3 25 "3" NA 0 0 1 0 NA 0 12 0 NA NA 60 96 4 500000 NA NA 12 288 5 0 0.9778259 0.022174146 0.99999994 1.0 0.14708473 2.7652807 2.7708483 0.047464427 0.14708473 0.021336019 0.35692352 7.547393e-4 0.12669352 0.017417934 0.026114672 0.17878456 4.248004e-4 0.016151361 7.547393e-4 0.046075664 0.0063276 4.248004e-4 0.0026887855 4.248004e-4 7.547393e-4 4.248004e-4 4.248004e-4 4.248004e-4 4.248004e-4 4.248004e-4 4.248004e-4 4.248004e-4 4.248004e-4 0.14708473 2.7652807 2.7708483 
8 3 26 "3" NA 0 0 1 0 NA 0 12 0 NA NA 64 96 4 500000 NA NA 12 300 5 0 0.99653906 0.0034609716 1.0 1.0 0.026947344 5.213713 1.7537472 0.661277 0.083842896 0.0056088744 0.11257607 8.824712e-4 0.026947344 2.9527763e-4 2.9527763e-4 0.006135836 2.9527763e-4 0.07187686 2.9527763e-4 2.9527763e-4 0.025833225 2.9527763e-4 2.9527763e-4 2.9527763e-4 2.9527763e-4 2.9527763e-4 2.9527763e-4 2.9527763e-4 2.9527763e-4 2.9527763e-4 2.9527763e-4 2.9527763e-4 2.9527763e-4 0.026947344 5.213713 1.7537472 
8 3 27 "3" NA 0 0 1 0 NA 0 12 0 NA NA 62 96 4 500000 NA NA 12 312 2 1 0.78683 0.21316995 1.0 1.0 0.25905433 1.9486734 2.8336062 0.0038765993 0.025975905 0.010043193 0.25905433 0.023115015 0.12987669 0.030174123 0.12043708 0.31658256 0.0023503008 0.029997572 0.0014800191 0.0059014047 0.017207608 0.0014800191 0.0038765993 0.0014800191 0.00525095 0.0014800191 0.0014800191 0.0014800191 0.0014800191 0.0014800191 0.0014800191 0.0014800191 0.0014800191 0.25905433 1.9486734 2.8336062 
8 3 28 "3" NA 0 0 1 0 NA 0 12 0 NA NA 59 96 4 500000 NA NA 12 324 2 1 0.9773394 0.02266062 1.0 0.99999994 0.09078284 3.4614367 2.293684 0.09078284 0.53317595 0.015568476 0.1449802 5.5163505e-4 0.07032763 0.004972125 0.015245842 0.07919223 3.105732e-4 0.011786969 5.5163505e-4 0.022312298 0.0046199197 3.105732e-4 0.0019639775 3.105732e-4 5.5163505e-4 3.105732e-4 3.105732e-4 3.105732e-4 3.105732e-4 3.105732e-4 3.105732e-4 3.105732e-4 3.105732e-4 0.09078284 3.4614367 2.293684 
8 3 29 "3" NA 0 0 1 0 NA 0 12 0 NA NA 60 96 4 500000 NA NA 12 336 3 0 0.9960925 0.003907464 0.99999994 1.0 0.36704272 1.4459801 2.1352408 0.090440474 0.36704272 0.0064354218 0.36641175 0.0012952042 0.06343899 4.3359207e-4 0.003012154 0.09154012 4.3359207e-4 4.3359207e-4 4.3359207e-4 0.003012154 4.3359207e-4 4.3359207e-4 4.3359207e-4 4.3359207e-4 4.3359207e-4 4.3359207e-4 4.3359207e-4 4.3359207e-4 4.3359207e-4 4.3359207e-4 4.3359207e-4 4.3359207e-4 4.3359207e-4 0.36704272 1.4459801 2.1352408 
8 3 30 "3" NA 0 0 1 0 NA 0 12 0 NA NA 64 96 4 500000 NA NA 12 348 4 0 0.9842562 0.015743785 1.0 1.0 0.08019883 3.640275 2.203819 0.4234381 0.09602724 0.0023642713 0.3178036 0.0023642713 0.08019883 8.0184004e-4 8.0184004e-4 0.023121547 8.0184004e-4 0.01776864 8.0184004e-4 8.0184004e-4 0.023281803 8.0184004e-4 8.0184004e-4 8.0184004e-4 8.0184004e-4 8.0184004e-4 8.0184004e-4 8.0184004e-4 8.0184004e-4 8.0184004e-4 8.0184004e-4 8.0184004e-4 8.0184004e-4 0.08019883 3.640275 2.203819 
8 3 31 "3" NA 0 0 1 0 NA 0 12 0 NA NA 67 96 4 500000 NA NA 12 360 3 1 0.98960435 0.010395678 0.99999994 1.0 0.17689486 2.499036 2.0989323 0.0014696915 0.016078506 0.004866199 0.57490844 0.013883829 0.081496194 0.019412316 0.07042695 0.17689486 7.8323326e-4 0.019269569 4.3779652e-4 0.0024932395 0.009578641 4.3779652e-4 0.0014696915 4.3779652e-4 0.002152663 4.3779652e-4 4.3779652e-4 4.3779652e-4 4.3779652e-4 4.3779652e-4 4.3779652e-4 4.3779652e-4 4.3779652e-4 0.17689486 2.499036 2.0989323 
8 3 32 "3" NA 0 0 1 0 NA 0 12 0 NA NA 64 96 4 500000 NA NA 12 372 3 1 0.81849277 0.18150717 0.99999994 1.0 0.2598573 1.9442085 2.9593668 0.004267922 0.007988074 8.4605906e-4 0.028135568 8.4605906e-4 0.2598573 0.051250417 0.04511179 0.17849664 0.0015595906 0.10078469 0.0023282457 0.027653554 0.24376525 6.887581e-4 0.012980658 8.4605906e-4 0.015628135 0.005315883 6.887581e-4 0.006904864 6.887581e-4 0.00114318 6.887581e-4 8.4605906e-4 6.887581e-4 0.2598573 1.9442085 2.9593668 
8 4 1 "4" NA 0 0 1 0 NA 0 0 0 NA NA 60 96 4 500000 NA NA 12 0 0 0 0.5 0.5 1.0 1.0 0.038461525 4.7004404 4.700439 0.038461525 0.038461525 0.038461525 0.038461525 0.038461525 0.038461525 0.038461525 0.038461525 0.038461525 0.038461525 0.038461525 0.038461525 0.038461525 0.038461525 0.038461525 0.038461525 0.038461525 0.038461525 0.038461525 0.038461525 0.038461525 0.038461525 0.038461525 0.038461525 0.038461525 0.038461525 0.038461525 4.7004404 4.700439 
8 4 2 "4" NA 0 0 1 0 NA 0 12 0 NA NA 72 96 4 500000 NA NA 12 12 0 0 0.98894805 0.011052007 1.0 1.0 0.017476061 5.838476 2.4952788 0.42163196 0.15657772 0.0048351325 0.19332825 0.0048351325 0.11357684 0.0016313983 0.0016313983 0.033125807 0.0016313983 0.026878826 0.0016313983 0.0016313983 0.017476061 0.0016313983 0.0016313983 0.0016313983 0.0016313983 0.0016313983 0.0016313983 0.0016313983 0.0016313983 0.0016313983 0.0016313983 0.0016313983 0.0016313983 0.017476061 5.838476 2.4952788 
8 4 3 "4" NA 0 0 1 0 NA 0 12 0 NA NA 70 96 4 500000 NA NA 12 24 1 0 0.9753352 0.024664817 1.0 1.0 0.0045677447 7.7743025 2.8115873 2.923332e-4 3.917392e-4 2.923332e-4 5.8876514e-4 2.923332e-4 0.0026945616 7.8410475e-4 0.21957147 0.024859287 2.923332e-4 0.13906966 0.0045677447 0.29775247 0.11041317 0.0014595552 0.1032786 6.866112e-4 0.056152295 0.00816913 5.8876514e-4 0.017155405 2.923332e-4 0.006882167 2.923332e-4 3.917392e-4 0.0027888631 0.0045677447 7.7743025 2.8115873 
8 4 4 "4" NA 0 0 1 0 NA 0 12 0 NA NA 68 96 4 500000 NA NA 12 36 1 0 0.9966194 0.003380585 1.0 1.0 0.02440687 5.356569 2.0952127 5.4753403e-4 5.4753403e-4 5.4753403e-4 5.4753403e-4 5.4753403e-4 5.4753403e-4 0.0188352 0.016279733 0.0028897903 0.02440687 0.6063881 0.07950423 0.02034469 0.121190816 0.08158428 5.4753403e-4 0.01337412 5.4753403e-4 0.0023052227 0.0034739545 5.4753403e-4 5.4753403e-4 5.4753403e-4 0.0023052227 5.4753403e-4 5.4753403e-4 0.02440687 5.356569 2.0952127 
8 4 5 "4" NA 0 0 1 0 NA 0 12 0 NA NA 67 96 4 500000 NA NA 12 48 1 0 0.9947554 0.0052446183 1.0 1.0 0.020761628 5.5899367 2.2343783 0.0012579573 0.0012579573 0.0012579573 0.0012579573 0.0012579573 0.0043740175 0.0028183917 0.5185349 0.020761628 0.20847401 0.04904731 0.11546372 0.03922235 0.0043740175 0.010573296 0.0012579573 0.0059266672 0.0012579573 0.0012579573 0.0012579573 0.0012579573 0.0028183917 0.0012579573 0.0012579573 0.0012579573 0.0012579573 0.020761628 5.5899367 2.2343783 
8 4 6 "4" NA 0 0 1 0 NA 0 12 0 NA NA 65 96 4 500000 NA NA 12 60 1 0 0.9912853 0.00871467 1.0 1.0 0.014157422 6.1422977 2.415643 0.005074159 0.0018118013 7.1478705e-4 0.027610688 7.1478705e-4 0.029592317 0.014157422 0.066170566 0.5679095 0.0014991999 0.095474996 0.0024356493 0.044345792 0.08204282 5.5716455e-4 0.01951766 7.1478705e-4 0.01997645 0.0066199442 5.5716455e-4 0.009086821 5.5716455e-4 0.0010291664 5.5716455e-4 7.1478705e-4 5.5716455e-4 0.014157422 6.1422977 2.415643 
8 4 7 "4" NA 0 0 1 0 NA 0 12 0 NA NA 63 96 4 500000 NA NA 12 72 1 0 0.99681115 0.0031888199 0.99999994 1.0 7.7809364e-4 10.327768 2.0766 7.7809364e-4 7.7809364e-4 7.7809364e-4 0.07008839 7.7809364e-4 0.59772986 0.10840068 0.029533228 0.10493948 7.7809364e-4 0.01931767 0.0034074748 7.7809364e-4 0.048631676 7.7809364e-4 0.002094209 7.7809364e-4 7.7809364e-4 7.7809364e-4 7.7809364e-4 7.7809364e-4 7.7809364e-4 0.0034074748 7.7809364e-4 7.7809364e-4 7.7809364e-4 7.7809364e-4 10.327768 2.0766 
8 4 8 "4" NA 0 0 1 0 NA 0 12 0 NA NA 62 96 4 500000 NA NA 12 84 0 0 0.86798733 0.13201262 1.0 1.0 0.16058376 2.638602 3.8579879 0.016052028 0.016052028 0.016052028 0.16058376 0.16058376 0.202979 0.016052028 0.06938067 0.016052028 0.016052028 0.016052028 0.016052028 0.06938067 0.016052028 0.016052028 0.016052028 0.016052028 0.016052028 0.016052028 0.016052028 0.016052028 0.016052028 0.016052028 0.016052028 0.016052028 0.016052028 0.16058376 2.638602 3.8579879 
8 4 9 "4" NA 0 0 1 0 NA 0 12 0 NA NA 63 96 4 500000 NA NA 12 96 1 0 0.98966146 0.010338537 1.0 1.0 8.162862e-4 10.258637 2.4716034 0.039455153 0.049441785 0.17637864 0.48303896 8.162862e-4 0.0772342 0.0043670447 0.018001944 0.09296782 4.5625636e-4 0.01417347 8.162862e-4 0.029095883 0.005424226 4.5625636e-4 0.0029531152 4.5625636e-4 8.162862e-4 4.5625636e-4 4.5625636e-4 4.5625636e-4 4.5625636e-4 4.5625636e-4 4.5625636e-4 4.5625636e-4 4.5625636e-4 8.162862e-4 10.258637 2.4716034 
8 4 10 "4" NA 0 0 1 0 NA 0 12 0 NA NA 75 96 4 500000 NA NA 12 108 1 0 0.9473329 0.052667055 1.0 0.99999994 0.0077630826 7.0091543 2.7793972 0.0077630826 0.0077630826 0.0077630826 0.14224885 0.4942211 0.12379001 0.0077630826 0.03835791 0.0077630826 0.0077630826 0.0077630826 0.0077630826 0.03835791 0.0077630826 0.0077630826 0.0077630826 0.0077630826 0.0077630826 0.0077630826 0.0077630826 0.0077630826 0.0077630826 0.0077630826 0.0077630826 0.0077630826 0.0077630826 0.0077630826 7.0091543 2.7793972 
8 4 11 "4" NA 0 0 1 0 NA 0 12 0 NA NA 74 96 4 500000 NA NA 12 120 0 0 0.9409596 0.059040446 1.0 1.0 0.08709215 3.5213134 3.2618537 0.0022644836 0.0022644836 0.0022644836 0.0022644836 0.0022644836 0.0022644836 0.0022644836 0.004201116 0.0022644836 0.0022644836 0.0022644836 0.013315406 0.016829325 0.011537183 0.24316524 0.08709215 0.1397447 0.076030746 0.2120505 0.06486703 0.004201116 0.0355198 0.0022644836 0.025432233 0.0388398 0.0022644836 0.08709215 3.5213134 3.2618537 
8 4 12 "4" NA 0 0 1 0 NA 0 12 0 NA NA 72 96 4 500000 NA NA 12 132 1 0 0.96472096 0.03527903 1.0 1.0 0.14806175 2.7557292 2.9864972 1.5089486e-4 1.5089486e-4 1.5089486e-4 4.5020733e-4 1.5089486e-4 2.1178776e-4 2.1178776e-4 7.417639e-4 0.023135083 1.5089486e-4 0.004509981 0.043606848 0.02133078 0.14806175 0.059274424 0.1350812 0.3604683 0.07885688 0.037745997 0.044602875 0.020819135 1.5089486e-4 0.017550308 1.5089486e-4 0.0013700229 9.145551e-4 0.14806175 2.7557292 2.9864972 
8 4 13 "4" NA 0 0 1 0 NA 0 12 0 NA NA 70 96 4 500000 NA NA 12 144 2 0 0.88492334 0.11507667 1.0 1.0 0.052143667 4.261364 3.105701 5.4890534e-4 0.0011801331 5.4890534e-4 0.0010360382 5.4890534e-4 0.004498913 0.00134361 0.00134361 0.047509454 5.4890534e-4 0.05789451 0.052143667 0.2229557 0.20159493 0.0027685347 0.19665757 0.0011911193 0.1026056 0.016502017 0.0010360382 0.040365845 5.4890534e-4 0.012672076 5.4890534e-4 7.158679e-4 0.030691145 0.052143667 4.261364 3.105701 
8 4 14 "4" NA 0 0 1 0 NA 0 12 0 NA NA 68 96 4 500000 NA NA 12 156 3 1 0.98856646 0.011433502 1.0 1.0 0.019047288 5.7142706 2.0957406 2.9308192e-4 2.9308192e-4 2.9308192e-4 2.9308192e-4 2.9308192e-4 2.9308192e-4 0.35688454 0.00847854 0.0015261829 0.019047288 0.43306637 0.05486675 0.010576516 0.065575294 0.034920692 2.9308192e-4 0.006976359 2.9308192e-4 0.0012196809 0.0018319696 2.9308192e-4 2.9308192e-4 2.9308192e-4 0.0012196809 2.9308192e-4 2.9308192e-4 0.019047288 5.7142706 2.0957406 
8 4 15 "4" NA 0 0 1 0 NA 0 12 0 NA NA 67 96 4 500000 NA NA 12 168 2 1 0.9857987 0.014201372 1.0 1.0 0.46591553 1.1018597 2.1468415 7.1880425e-4 7.1880425e-4 7.1880425e-4 7.1880425e-4 7.1880425e-4 0.002471452 0.0015987909 0.28065726 0.46591553 0.11376622 0.027116587 0.06334575 0.021728393 0.002471452 0.0059269406 7.1880425e-4 0.0033395987 7.1880425e-4 7.1880425e-4 7.1880425e-4 7.1880425e-4 0.0015987909 7.1880425e-4 7.1880425e-4 7.1880425e-4 7.1880425e-4 0.46591553 1.1018597 2.1468415 
8 4 16 "4" NA 0 0 1 0 NA 0 12 0 NA NA 66 96 4 500000 NA NA 12 180 3 1 0.97585917 0.024140863 1.0 1.0 0.04140836 4.593934 2.324582 0.0033047867 0.0011990854 4.7995715e-4 0.017514894 4.7995715e-4 0.018751705 0.5195601 0.04140836 0.21733348 9.951282e-4 0.059406657 0.0016045545 0.027924178 0.051169448 3.7557195e-4 0.012448082 4.7995715e-4 0.012736085 0.004293747 3.7557195e-4 0.0058648023 3.7557195e-4 6.8714394e-4 3.7557195e-4 4.7995715e-4 3.7557195e-4 0.04140836 4.593934 2.324582 
8 4 17 "4" NA 0 0 1 0 NA 0 12 0 NA NA 67 96 4 500000 NA NA 12 192 1 0 0.99289393 0.0071060946 1.0 1.0 0.42619509 1.2304142 2.3355129 0.006586578 0.006586578 5.660723e-4 0.047614582 3.5758954e-4 0.2982072 0.00901961 0.09947267 0.42619509 0.004482664 0.059191912 0.0073486622 0.015203726 0.0045199534 0.004687737 0.0049300124 3.5758954e-4 3.5758954e-4 5.660723e-4 0.0016023768 3.5758954e-4 3.5758954e-4 3.5758954e-4 3.5758954e-4 3.5758954e-4 3.5758954e-4 0.42619509 1.2304142 2.3355129 
8 4 18 "4" NA 0 0 1 0 NA 0 12 0 NA NA 79 96 4 500000 NA NA 12 204 2 0 0.8903745 0.10962556 1.0 1.0 0.00757715 7.044129 3.1438622 0.025951808 0.0014587715 6.3266355e-4 0.094518095 6.3266355e-4 0.10109584 0.011926478 0.099173434 0.1758524 0.0057339123 0.279277 0.0019028737 0.084818415 0.06437851 5.058169e-4 0.021866139 6.3266355e-4 0.013860125 0.004671376 5.058169e-4 0.00757715 5.058169e-4 8.777409e-4 5.058169e-4 6.3266355e-4 5.058169e-4 0.00757715 7.044129 3.1438622 
8 4 19 "4" NA 0 0 1 0 NA 0 12 0 NA NA 77 96 4 500000 NA NA 12 216 2 0 0.9812043 0.018795699 1.0 1.0 0.12058582 3.051868 2.6951013 1.0466244e-4 1.0466244e-4 1.0466244e-4 1.0466244e-4 1.0466244e-4 1.0466244e-4 1.0466244e-4 1.0466244e-4 0.35024035 1.0466244e-4 5.8731314e-4 1.0466244e-4 0.0059857215 0.010595764 1.8632252e-4 0.024361026 1.0466244e-4 0.12920375 0.12058582 0.05133764 0.19560738 0.0031572252 0.08603714 4.278837e-4 0.0049956874 0.015539724 0.12058582 3.051868 2.6951013 
8 4 20 "4" NA 0 0 1 0 NA 0 12 0 NA NA 75 96 4 500000 NA NA 12 228 2 0 0.99966854 3.3141737e-4 0.99999994 1.0 0.008862675 6.8180423 1.4972929 1.0863435e-4 1.0863435e-4 1.0863435e-4 1.0863435e-4 1.0863435e-4 1.0863435e-4 2.4579014e-4 1.0863435e-4 0.0020506186 2.9150207e-4 0.0024617359 1.5435716e-4 0.0027814775 0.0016927724 0.0010683807 0.111889206 0.008862675 0.72977614 0.07254264 0.012111893 0.03680544 0.002210501 0.011046609 0.0011140713 6.4951496e-4 7.485261e-4 0.008862675 6.8180423 1.4972929 
8 4 21 "4" NA 0 0 1 0 NA 0 12 0 NA NA 74 96 4 500000 NA NA 12 240 2 0 0.8850176 0.11498243 1.0 1.0 0.111412086 3.1660223 3.098373 0.0012712615 0.0012712615 0.0012712615 0.0012712615 0.0012712615 0.0012712615 0.0012712615 0.0022733875 0.0012712615 0.0012712615 0.0012712615 0.011427576 0.008385779 0.0058792885 0.19647399 0.111412086 0.21323557 0.16394837 0.14148585 0.05484968 0.0022733875 0.029414374 0.0012712615 0.021048501 0.022636952 0.0012712615 0.111412086 3.1660223 3.098373 
8 4 22 "4" NA 0 0 1 0 NA 0 12 0 NA NA 72 96 4 500000 NA NA 12 252 2 1 0.9025254 0.09747457 0.99999994 1.0 0.14841872 2.752255 3.0035932 1.4752166e-4 1.4752166e-4 1.4752166e-4 4.101923e-4 1.4752166e-4 2.0257717e-4 2.0257717e-4 6.544253e-4 0.016351094 1.4752166e-4 0.0035418528 0.075652145 0.015155005 0.14841872 0.06995036 0.14161144 0.34144053 0.051496852 0.057323135 0.03021752 0.014814663 1.4752166e-4 0.029566199 1.4752166e-4 0.0011618324 7.9605146e-4 0.14841872 2.752255 3.0035932 
8 4 23 "4" NA 0 0 1 0 NA 0 12 0 NA NA 70 96 4 500000 NA NA 12 264 3 1 0.91973996 0.080260016 1.0 1.0 0.060176983 4.0546446 2.9063296 3.6847428e-4 8.164319e-4 3.6847428e-4 7.1308226e-4 3.6847428e-4 0.00328067 9.3428406e-4 9.3428406e-4 0.03801111 3.6847428e-4 0.04668162 0.060176983 0.18956856 0.17072868 0.0019806551 0.318807 8.243328e-4 0.08461706 0.012664818 7.1308226e-4 0.032089308 3.6847428e-4 0.0096249245 3.6847428e-4 4.8560183e-4 0.024136672 0.060176983 4.0546446 2.9063296 
8 4 24 "4" NA 0 0 1 0 NA 0 12 0 NA NA 68 96 4 500000 NA NA 12 276 3 1 0.49333948 0.5066605 1.0 0.99999994 0.56593066 0.82130283 2.528034 0.0032762173 0.0032762173 0.0032762173 0.0032762173 0.0032762173 0.0032762173 0.071395084 0.017564816 0.007464442 0.56593066 0.11468181 0.041636113 0.019613843 0.04606184 0.035598982 0.0032762173 0.015935965 0.0032762173 0.006674368 0.008176689 0.0032762173 0.0032762173 0.0032762173 0.006674368 0.0032762173 0.0032762173 0.56593066 0.82130283 2.528034 
8 4 25 "4" NA 0 0 1 0 NA 0 12 0 NA NA 67 96 4 500000 NA NA 12 288 2 1 0.9031027 0.096897334 1.0 0.99999994 0.6701614 0.57741946 1.6929369 6.7786884e-4 6.7786884e-4 6.7786884e-4 6.7786884e-4 6.7786884e-4 0.0021013333 0.0014099466 0.16043974 0.6701614 0.07015304 0.018858682 0.04102823 0.015394817 0.0021013333 0.0046828086 6.7786884e-4 0.0027686588 6.7786884e-4 6.7786884e-4 6.7786884e-4 6.7786884e-4 0.0014099466 6.7786884e-4 6.7786884e-4 6.7786884e-4 6.7786884e-4 0.6701614 0.57741946 1.6929369 
8 4 26 "4" NA 0 0 1 0 NA 0 12 0 NA NA 65 96 4 500000 NA NA 12 300 4 4 0.888155 0.11184498 1.0 0.99999994 0.1834711 2.4463754 2.2526836 0.003006655 0.0011949805 5.193382e-4 0.013716887 5.193382e-4 0.014595719 0.1834711 0.54159015 0.10540453 0.0010084788 0.041688044 0.0015577432 0.020971157 0.036392607 4.154444e-4 0.010052617 5.193382e-4 0.010264077 0.0038155627 4.154444e-4 0.00639533 4.154444e-4 7.199288e-4 4.154444e-4 5.193382e-4 4.154444e-4 0.1834711 2.4463754 2.2526836 
8 4 27 "4" NA 0 0 1 0 NA 0 12 0 NA NA 63 96 4 500000 NA NA 12 312 2 1 0.9826187 0.017381284 1.0 0.99999994 0.43135723 1.213045 2.2162147 6.080018e-4 6.080018e-4 6.080018e-4 0.039984502 0.43135723 0.3302246 0.061912153 0.018881004 0.06214093 6.080018e-4 0.011844971 0.0023210768 6.080018e-4 0.028423462 6.080018e-4 0.0014692567 6.080018e-4 6.080018e-4 6.080018e-4 6.080018e-4 6.080018e-4 6.080018e-4 0.0023210768 6.080018e-4 6.080018e-4 6.080018e-4 0.43135723 1.213045 2.2162147 
8 4 28 "4" NA 0 0 1 0 NA 0 12 0 NA NA 62 96 4 500000 NA NA 12 324 1 1 0.8027997 0.19720028 1.0 1.0 0.5493091 0.86430997 2.8310184 0.009431786 0.009431786 0.009431786 0.5493091 0.06700726 0.08293916 0.009431786 0.03154952 0.009431786 0.009431786 0.009431786 0.009431786 0.03154952 0.009431786 0.009431786 0.009431786 0.049009956 0.009431786 0.009431786 0.009431786 0.009431786 0.009431786 0.009431786 0.009431786 0.009431786 0.009431786 0.5493091 0.86430997 2.8310184 
8 4 29 "4" NA 0 0 1 0 NA 0 12 0 NA NA 60 96 4 500000 NA NA 12 336 2 1 0.9725119 0.027488137 1.0 0.99999994 0.03087468 5.0174317 2.3664026 0.024734894 0.03087468 0.074777976 0.22594552 0.48676875 0.047858726 0.002844191 0.011440135 0.057423387 3.0901466e-4 0.009044559 5.473118e-4 0.018337073 0.0035194713 3.0901466e-4 0.0019364032 3.0901466e-4 5.473118e-4 3.0901466e-4 3.0901466e-4 3.0901466e-4 3.0901466e-4 3.0901466e-4 3.0901466e-4 3.0901466e-4 3.0901466e-4 0.03087468 5.0174317 2.3664026 
8 4 30 "4" NA 0 0 1 0 NA 0 12 0 NA NA 63 96 4 500000 NA NA 12 348 1 0 0.9872585 0.01274155 0.99999994 1.0 0.0023248028 8.748676 2.136042 0.5534308 0.16626877 0.0066618687 0.1048673 0.0023248028 0.0752569 7.858581e-4 7.858581e-4 0.015875094 7.858581e-4 0.034111638 7.858581e-4 7.858581e-4 0.027842976 7.858581e-4 7.858581e-4 7.858581e-4 7.858581e-4 7.858581e-4 7.858581e-4 7.858581e-4 7.858581e-4 7.858581e-4 7.858581e-4 7.858581e-4 7.858581e-4 0.0023248028 8.748676 2.136042 
8 4 31 "4" NA 0 0 1 0 NA 0 12 0 NA NA 67 96 4 500000 NA NA 12 360 1 0 0.94447535 0.05552465 0.99999994 1.0 0.0081768185 6.9342446 2.7619438 0.0081768185 0.0081768185 0.0081768185 0.5428136 0.082108356 0.10552942 0.0081768185 0.03384757 0.0081768185 0.0081768185 0.0081768185 0.0081768185 0.03384757 0.0081768185 0.0081768185 0.0081768185 0.038316734 0.0081768185 0.0081768185 0.0081768185 0.0081768185 0.0081768185 0.0081768185 0.0081768185 0.0081768185 0.0081768185 0.0081768185 6.9342446 2.7619438 
8 4 32 "4" NA 0 0 1 0 NA 0 12 0 NA NA 63 96 4 500000 NA NA 12 372 0 0 0.8398915 0.16010858 1.0 1.0 0.0022310442 8.808065 3.5049043 0.011740806 0.004906268 0.0022310442 0.049322993 0.0022310442 0.052306272 0.03894532 0.14151827 0.2152695 0.0041789 0.14111453 0.0063041933 0.07368812 0.12410218 0.0018065037 0.03676273 0.0022310442 0.037493613 0.0147078745 0.0018065037 0.026643367 0.0018065037 0.003038361 0.0018065037 0.0022310442 0.0018065037 0.0022310442 8.808065 3.5049043 
8 5 1 "5" NA 0 0 1 0 NA 0 0 0 NA NA 60 96 4 500000 NA NA 12 0 0 0 0.5 0.5 1.0 1.0 0.038461525 4.7004404 4.700439 0.038461525 0.038461525 0.038461525 0.038461525 0.038461525 0.038461525 0.038461525 0.038461525 0.038461525 0.038461525 0.038461525 0.038461525 0.038461525 0.038461525 0.038461525 0.038461525 0.038461525 0.038461525 0.038461525 0.038461525 0.038461525 0.038461525 0.038461525 0.038461525 0.038461525 0.038461525 0.038461525 4.7004404 4.700439 
8 5 2 "5" NA 0 0 1 0 NA 0 12 0 NA NA 59 96 4 500000 NA NA 12 12 0 0 0.98814744 0.011852554 1.0 1.0 0.41868758 1.2560539 2.5221195 0.41868758 0.15560904 0.0048187664 0.1920994 0.007982798 0.11290352 0.0016273072 0.0016273072 0.032962292 0.0016273072 0.026750673 0.0016273072 0.0016273072 0.020521544 0.0016273072 0.0016273072 0.0016273072 0.0016273072 0.0016273072 0.0016273072 0.0016273072 0.0016273072 0.0016273072 0.0016273072 0.0016273072 0.0016273072 0.41868758 1.2560539 2.5221195 
8 5 3 "5" NA 0 0 1 0 NA 0 12 0 NA NA 60 96 4 500000 NA NA 12 24 1 0 0.9894057 0.010594343 1.0 1.0 0.22139831 2.175284 2.4757092 0.19591074 0.22139831 0.019029181 0.36565447 0.00641732 0.03258428 0.00109005 0.0074746567 0.11920999 0.00109005 0.00109005 0.00109005 0.013790764 0.00109005 0.00109005 0.00109005 0.00109005 0.00109005 0.00109005 0.00109005 0.00109005 0.00109005 0.00109005 0.00109005 0.00109005 0.00109005 0.22139831 2.175284 2.4757092 
8 5 4 "5" NA 0 0 1 0 NA 0 12 0 NA NA 62 96 4 500000 NA NA 12 36 2 0 0.9616272 0.038372807 1.0 0.99999994 0.29752275 1.7489281 2.5064497 0.3337951 0.1407688 0.0033670254 0.29752275 0.0055027804 0.104968235 0.0011706676 0.0011706676 0.05217233 0.0011706676 0.024727998 0.0011706676 0.0011706676 0.017273784 0.0011706676 0.0011706676 0.0011706676 0.0011706676 0.0011706676 0.0011706676 0.0011706676 0.0011706676 0.0011706676 0.0011706676 0.0011706676 0.0011706676 0.29752275 1.7489281 2.5064497 
8 5 5 "5" NA 0 0 1 0 NA 0 12 0 NA NA 63 96 4 500000 NA NA 12 48 3 0 0.9807112 0.019288823 1.0 1.0 9.496033e-4 10.040388 2.7057261 0.18910977 0.0769921 0.009014972 0.25296718 9.496033e-4 0.27224532 0.0034888294 0.018881513 0.097940885 3.7202585e-4 0.011203258 6.620973e-4 0.055097803 0.004324924 3.7202585e-4 0.002367604 3.7202585e-4 6.620973e-4 3.7202585e-4 3.7202585e-4 3.7202585e-4 3.7202585e-4 3.7202585e-4 3.7202585e-4 3.7202585e-4 3.7202585e-4 9.496033e-4 10.040388 2.7057261 
8 5 6 "5" NA 0 0 1 0 NA 0 12 0 NA NA 62 96 4 500000 NA NA 12 60 1 0 0.93267053 0.06732943 1.0 1.0 0.11980991 3.0611808 3.3893387 0.009417689 0.009417689 0.009417689 0.11980991 0.2712813 0.098782204 0.009417689 0.033169363 0.033169363 0.009417689 0.009417689 0.009417689 0.033169363 0.009417689 0.009417689 0.009417689 0.23168258 0.009417689 0.009417689 0.009417689 0.009417689 0.009417689 0.009417689 0.009417689 0.009417689 0.009417689 0.11980991 3.0611808 3.3893387 
8 5 7 "5" NA 0 0 1 0 NA 0 12 0 NA NA 63 96 4 500000 NA NA 12 72 1 0 0.87419075 0.12580922 1.0 0.99999994 0.11809744 3.0819504 3.1659124 0.049437642 0.13215362 0.094540775 0.29393154 0.11809744 0.089480475 0.0070741638 0.024719242 0.10540377 9.6195535e-4 0.020012809 0.0016080944 0.03777624 0.008567224 9.6195535e-4 0.0050071683 9.6195535e-4 0.0016080944 9.6195535e-4 9.6195535e-4 9.6195535e-4 9.6195535e-4 9.6195535e-4 9.6195535e-4 9.6195535e-4 9.6195535e-4 0.11809744 3.0819504 3.1659124 
8 5 8 "5" NA 0 0 1 0 NA 0 12 0 NA NA 65 96 4 500000 NA NA 12 84 2 1 0.9251002 0.074899845 0.99999994 0.99999994 0.0067718215 7.20624 2.9417949 0.0067718215 0.0067718215 0.0067718215 0.20060138 0.12267981 0.06968748 0.0067718215 0.023608046 0.023608046 0.0067718215 0.0067718215 0.0067718215 0.023608046 0.0067718215 0.0067718215 0.0067718215 0.40754238 0.0067718215 0.0067718215 0.0067718215 0.0067718215 0.0067718215 0.0067718215 0.0067718215 0.0067718215 0.0067718215 0.0067718215 7.20624 2.9417949 
8 5 9 "5" NA 0 0 1 0 NA 0 12 0 NA NA 67 96 4 500000 NA NA 12 96 0 0 0.96777016 0.032229885 1.0 1.0 0.18623154 2.4248307 2.9655142 0.003350284 0.003350284 0.003350284 0.047673833 0.012533577 0.38161868 0.09456014 0.098776646 0.18623154 0.003350284 0.03901206 0.012533577 0.003350284 0.056283213 0.003350284 0.007988848 0.003350284 0.003350284 0.003350284 0.003350284 0.003350284 0.003350284 0.012533577 0.003350284 0.003350284 0.003350284 0.18623154 2.4248307 2.9655142 
8 5 10 "5" NA 0 0 1 0 NA 0 12 0 NA NA 65 96 4 500000 NA NA 12 108 1 0 0.9664005 0.033599526 1.0 1.0 0.07259772 3.783932 2.960475 0.0032471737 0.0011898151 4.8049094e-4 0.016933618 5.833205e-4 0.096566714 0.07259772 0.03979013 0.19836229 9.892205e-4 0.2981188 0.018299272 0.02687566 0.1715146 3.768841e-4 0.012074858 4.8049094e-4 0.012351488 0.004208202 3.768841e-4 0.022285722 3.768841e-4 6.855203e-4 3.768841e-4 4.8049094e-4 3.768841e-4 0.07259772 3.783932 2.960475 
8 5 11 "5" NA 0 0 1 0 NA 0 12 0 NA NA 67 96 4 500000 NA NA 12 120 2 0 0.99173045 0.008269554 1.0 1.0 0.0716405 3.8030808 2.0027409 6.48579e-4 6.48579e-4 6.48579e-4 0.044341236 0.012466736 0.6329284 0.06893706 0.020793103 0.0716405 6.48579e-4 0.101149455 0.002506931 6.48579e-4 0.031420898 6.48579e-4 0.0015801889 6.48579e-4 6.48579e-4 6.48579e-4 6.48579e-4 6.48579e-4 6.48579e-4 0.002506931 6.48579e-4 6.48579e-4 6.48579e-4 0.0716405 3.8030808 2.0027409 
8 5 12 "5" NA 0 0 1 0 NA 0 12 0 NA NA 69 96 4 500000 NA NA 12 132 2 1 0.95096624 0.04903384 0.99999994 1.0 0.3025583 1.724715 2.6594477 0.002078261 7.7381614e-4 3.170536e-4 0.010555755 3.8371581e-4 0.124292694 0.060909983 0.024467485 0.30780855 6.4525596e-4 0.3025583 0.01139293 0.016630096 0.103034124 2.4965478e-4 0.0075677573 3.170536e-4 0.0077383313 0.0026822113 2.4965478e-4 0.013831245 2.4965478e-4 4.4978297e-4 2.4965478e-4 3.170536e-4 2.4965478e-4 0.3025583 1.724715 2.6594477 
8 5 13 "5" NA 0 0 1 0 NA 0 12 0 NA NA 71 96 4 500000 NA NA 12 144 3 0 0.99086505 0.009134958 1.0 1.0 0.22177398 2.172838 2.4242089 2.9950505e-4 0.0019064846 6.0997234e-4 0.015272589 4.032249e-4 0.0032594644 0.032022808 0.030658096 0.17583512 0.0022490204 0.42845497 0.003564162 0.22177398 0.04552318 4.032249e-4 0.020131595 2.9950505e-4 0.0083433995 0.0037381651 0.0012927868 0.001124324 2.9950505e-4 0.0016364324 2.9950505e-4 2.9950505e-4 2.9950505e-4 0.22177398 2.172838 2.4242089 
8 5 14 "5" NA 0 0 1 0 NA 0 12 0 NA NA 72 96 4 500000 NA NA 12 156 3 0 0.9994108 5.892122e-4 1.0 1.0 0.70330215 0.5077835 1.6262622 1.7682274e-4 1.4409519e-4 1.7682274e-4 0.006093446 1.4409519e-4 0.0016526999 1.4409519e-4 0.002660176 0.058856912 0.0012660114 0.11123081 0.0014193867 0.05640633 0.70330215 0.0033171186 0.04068867 4.3854743e-4 0.0045860615 4.3854743e-4 0.0024847414 0.0028340956 2.095467e-4 5.03961e-4 1.4409519e-4 5.03961e-4 1.7682274e-4 0.70330215 0.5077835 1.6262622 
8 5 15 "5" NA 0 0 1 0 NA 0 12 0 NA NA 74 96 4 500000 NA NA 12 168 4 0 0.97878397 0.02121601 1.0 1.0 0.32937723 1.6021873 2.749159 2.712517e-4 3.6386566e-4 2.712517e-4 8.874073e-4 2.712517e-4 0.006289063 7.301032e-4 0.0032591948 0.05226917 2.712517e-4 0.09596421 0.006988461 0.1941572 0.17149659 0.0016961911 0.32937723 0.0013141509 0.08981795 0.007992352 5.4766145e-4 0.023210652 2.712517e-4 0.009038681 2.712517e-4 3.6386566e-4 0.0026084718 0.32937723 1.6021873 2.749159 
8 5 16 "5" NA 0 0 1 0 NA 0 12 0 NA NA 75 96 4 500000 NA NA 12 180 5 0 0.98620445 0.013795559 1.0 1.0 0.0050693373 7.6239867 2.5774498 2.1127895e-4 2.1127895e-4 2.1127895e-4 6.459009e-4 2.1127895e-4 2.9878656e-4 2.9878656e-4 0.0010760886 0.038687047 2.1127895e-4 0.013503556 0.001895795 0.080161475 0.21889654 0.007005286 0.1716831 0.0050693373 0.3807668 0.018884165 0.0029811207 0.045221925 2.1127895e-4 0.0058634393 2.1127895e-4 0.0040439814 0.0015379523 0.0050693373 7.6239867 2.5774498 
8 5 17 "5" NA 0 0 1 0 NA 0 12 0 NA NA 77 96 4 500000 NA NA 12 192 2 0 0.9747297 0.02527027 1.0 1.0 0.1689701 2.56516 2.8310454 5.0507445e-4 5.0507445e-4 5.0507445e-4 5.0507445e-4 5.0507445e-4 5.0507445e-4 5.0507445e-4 9.5803896e-4 5.0507445e-4 5.0507445e-4 5.0507445e-4 0.018238192 0.0040338095 0.017821515 0.0641469 0.35936916 0.05784881 0.05566464 0.1689701 0.03834713 9.5803896e-4 0.01623577 5.0507445e-4 0.1742761 0.017070852 5.0507445e-4 0.1689701 2.56516 2.8310454 
8 5 18 "5" NA 0 0 1 0 NA 0 12 0 NA NA 75 96 4 500000 NA NA 12 204 2 0 0.995238 0.004762004 1.0 1.0 0.13741326 2.863407 2.2016368 7.409725e-5 7.409725e-5 7.409725e-5 7.409725e-5 7.409725e-5 7.409725e-5 1.6704293e-4 7.409725e-5 3.8306316e-4 1.9795983e-4 6.59935e-4 0.004833138 8.7487296e-4 4.7543534e-4 0.027913215 0.020521639 0.13741326 0.03659758 0.12356192 0.5550601 0.05266069 0.020259675 0.002435373 0.014855172 1.0512008e-4 5.0620607e-4 0.13741326 2.863407 2.2016368 
8 5 19 "5" NA 0 0 1 0 NA 0 12 0 NA NA 74 96 4 500000 NA NA 12 216 3 0 0.910049 0.089950964 1.0 1.0 0.26411027 1.9207877 2.9480813 8.883207e-4 8.883207e-4 8.883207e-4 8.883207e-4 8.883207e-4 8.883207e-4 8.883207e-4 0.0016149097 8.883207e-4 8.883207e-4 8.883207e-4 0.10349084 0.0061808927 0.0042901323 0.23195373 0.26411027 0.09370649 0.028125614 0.15607165 0.04263348 0.0016149097 0.022463758 8.883207e-4 0.015923306 0.017160254 8.883207e-4 0.26411027 1.9207877 2.9480813 
8 5 20 "5" NA 0 0 1 0 NA 0 12 0 NA NA 72 96 4 500000 NA NA 12 228 4 0 0.9513102 0.048689872 1.0 1.0 0.075624615 3.7250004 2.5661273 5.6621797e-5 5.6621797e-5 5.6621797e-5 1.663881e-4 5.6621797e-5 7.909761e-5 7.909761e-5 2.7224558e-4 0.00809464 5.6621797e-5 0.0016142563 0.086933196 0.00747177 0.075624615 0.03745947 0.078782015 0.46919557 0.027124563 0.030368833 0.015464157 0.007295011 5.6621797e-5 0.15274535 5.6621797e-5 4.9856165e-4 3.3468852e-4 0.075624615 3.7250004 2.5661273 
8 5 21 "5" NA 0 0 1 0 NA 0 12 0 NA NA 70 96 4 500000 NA NA 12 240 3 0 0.8812175 0.11878253 0.99999994 1.0 0.12367878 3.01533 3.0020955 4.410951e-4 9.4530836e-4 4.410951e-4 8.303385e-4 4.410951e-4 0.0035835737 0.001075672 0.001075672 0.037471566 4.410951e-4 0.04562466 0.12367878 0.17471431 0.15804209 0.0022097428 0.28584296 9.5407164e-4 0.08066638 0.013073206 8.303385e-4 0.031859003 4.410951e-4 0.010050162 4.410951e-4 5.746251e-4 0.024250995 0.12367878 3.01533 3.0020955 
8 5 22 "5" NA 0 0 1 0 NA 0 12 0 NA NA 68 96 4 500000 NA NA 12 252 4 0 0.99696755 0.0030324233 1.0 1.0 0.49703324 1.0085857 2.0592916 2.049776e-4 2.049776e-4 2.049776e-4 2.049776e-4 2.049776e-4 2.049776e-4 0.103802465 0.006101787 0.001082465 0.49703324 0.2704909 0.034908187 0.007625964 0.042813864 0.025435673 2.049776e-4 0.005012394 2.049776e-4 8.63428e-4 0.0013013665 2.049776e-4 2.049776e-4 2.049776e-4 8.63428e-4 2.049776e-4 2.049776e-4 0.49703324 1.0085857 2.0592916 
8 5 23 "5" NA 0 0 1 0 NA 0 12 0 NA NA 67 96 4 500000 NA NA 12 264 2 0 0.9997189 2.8102612e-4 1.0 1.0 0.71587425 0.4822219 1.4622605 3.5488856e-4 3.5488856e-4 3.5488856e-4 3.5488856e-4 3.5488856e-4 0.0012416728 7.983173e-4 0.15074842 0.71587425 0.060332615 0.01409223 0.033316966 0.011256767 0.0012416728 0.0030147394 3.5488856e-4 0.0016849828 3.5488856e-4 3.5488856e-4 3.5488856e-4 3.5488856e-4 7.983173e-4 3.5488856e-4 3.5488856e-4 3.5488856e-4 3.5488856e-4 0.71587425 0.4822219 1.4622605 
8 5 24 "5" NA 0 0 1 0 NA 0 12 0 NA NA 66 96 4 500000 NA NA 12 276 6 0 0.98387843 0.016121527 1.0 1.0 0.18334714 2.4473505 2.2415152 0.0023930585 8.6107664e-4 3.420788e-4 0.012857875 4.1674584e-4 0.01377355 0.52838904 0.18334714 0.123134896 7.135186e-4 0.04573771 0.0011550098 0.020578166 0.03789645 2.6714162e-4 0.009112664 3.420788e-4 0.00932525 0.003115879 2.6714162e-4 0.004338632 2.6714162e-4 4.9119303e-4 2.6714162e-4 3.420788e-4 2.6714162e-4 0.18334714 2.4473505 2.2415152 
8 5 25 "5" NA 0 0 1 0 NA 0 12 0 NA NA 67 96 4 500000 NA NA 12 288 2 0 0.99839157 0.0016084105 1.0 1.0 0.60945356 0.7144118 1.8795613 0.0044130604 0.0044130604 3.7415393e-4 0.032253485 2.3575377e-4 0.2040641 0.0060537355 0.067656904 0.60945356 0.002997026 0.040144164 0.0049266443 0.010233908 0.0030220975 0.0031349103 0.003297853 2.3575377e-4 2.3575377e-4 3.7415393e-4 0.0010652343 2.3575377e-4 2.3575377e-4 2.3575377e-4 2.3575377e-4 2.3575377e-4 2.3575377e-4 0.60945356 0.7144118 1.8795613 
8 5 26 "5" NA 0 0 1 0 NA 0 12 0 NA NA 65 96 4 500000 NA NA 12 300 3 0 0.89252853 0.1074715 1.0 1.0 0.0091009345 6.7797694 3.1403716 0.019658893 0.0011267716 4.8768974e-4 0.07197166 5.8334786e-4 0.074710615 0.0091009345 0.073898196 0.13440698 0.004499187 0.257038 0.0014707462 0.06366762 0.04924571 3.896988e-4 0.016579056 4.8768974e-4 0.010780846 0.0036183977 3.896988e-4 0.20355426 3.896988e-4 6.7714415e-4 3.896988e-4 4.8768974e-4 3.896988e-4 0.0091009345 6.7797694 3.1403716 
8 5 27 "5" NA 0 0 1 0 NA 0 12 0 NA NA 63 96 4 500000 NA NA 12 312 1 1 0.98139757 0.018602412 1.0 1.0 0.019354252 5.6912055 2.2766247 0.0010383944 0.0010383944 0.0010383944 0.06793443 0.019354252 0.5595877 0.10513278 0.03210911 0.12141651 0.0010383944 0.020155285 0.003957529 0.0010383944 0.048312485 0.0010383944 0.002506565 0.0010383944 0.0010383944 0.0010383944 0.0010383944 0.0010383944 0.0010383944 0.003957529 0.0010383944 0.0010383944 0.0010383944 0.019354252 5.6912055 2.2766247 
8 5 28 "5" NA 0 0 1 0 NA 0 12 0 NA NA 62 96 4 500000 NA NA 12 324 1 0 0.9832241 0.01677587 1.0 1.0 0.6678858 0.58232665 2.2733064 0.006314123 0.006314123 0.006314123 0.6678858 0.049530573 0.06373397 0.021676932 0.020879718 0.020879718 0.006314123 0.006314123 0.006314123 0.020879718 0.006314123 0.006314123 0.006314123 0.020879718 0.006314123 0.006314123 0.006314123 0.006314123 0.006314123 0.006314123 0.006314123 0.006314123 0.006314123 0.6678858 0.58232665 2.2733064 
8 5 29 "5" NA 0 0 1 0 NA 0 12 0 NA NA 60 96 4 500000 NA NA 12 336 3 1 0.92631364 0.07368639 1.0 0.99999994 0.23382698 2.0964868 2.783366 0.029253064 0.23382698 0.058146104 0.19342834 0.3006099 0.05485362 0.0037277178 0.014034614 0.065249026 4.5004644e-4 0.011220294 7.757459e-4 0.021997118 0.0045663244 4.5004644e-4 0.0025847086 4.5004644e-4 7.757459e-4 4.5004644e-4 4.5004644e-4 4.5004644e-4 4.5004644e-4 4.5004644e-4 4.5004644e-4 4.5004644e-4 4.5004644e-4 0.23382698 2.0964868 2.783366 
8 5 30 "5" NA 0 0 1 0 NA 0 12 0 NA NA 63 96 4 500000 NA NA 12 348 2 0 0.9781388 0.02186116 1.0 1.0 0.3300165 1.59939 2.352136 0.36710382 0.10760311 0.0043594767 0.078300975 0.3300165 0.05150106 5.8826624e-4 5.8826624e-4 0.011558138 5.8826624e-4 0.022105591 5.8826624e-4 5.8826624e-4 0.017450966 5.8826624e-4 5.8826624e-4 5.8826624e-4 5.8826624e-4 5.8826624e-4 5.8826624e-4 5.8826624e-4 5.8826624e-4 5.8826624e-4 5.8826624e-4 5.8826624e-4 5.8826624e-4 0.3300165 1.59939 2.352136 
8 5 31 "5" NA 0 0 1 0 NA 0 12 0 NA NA 67 96 4 500000 NA NA 12 360 2 0 0.9571901 0.042809933 1.0 1.0 0.47322974 1.0793873 2.7077901 0.006138683 0.006138683 0.006138683 0.23175147 0.045598354 0.058283746 0.02164018 0.019666798 0.47322974 0.006138683 0.006138683 0.006138683 0.019666798 0.006138683 0.006138683 0.006138683 0.019666798 0.006138683 0.006138683 0.006138683 0.006138683 0.006138683 0.006138683 0.006138683 0.006138683 0.006138683 0.47322974 1.0793873 2.7077901 
8 5 32 "5" NA 0 0 1 0 NA 0 12 0 NA NA 63 96 4 500000 NA NA 12 372 1 0 0.9581197 0.041880254 1.0 1.0 0.4662324 1.1008788 2.7556956 0.004866889 0.0017987108 7.320503e-4 0.025023608 0.4662324 0.026757434 0.014830625 0.0634667 0.1343891 0.001497828 0.090196714 0.002394232 0.039558552 0.07169506 5.7539623e-4 0.017895369 7.320503e-4 0.018301792 0.0062932894 5.7539623e-4 0.008687323 5.7539623e-4 0.001041247 5.7539623e-4 7.320503e-4 5.7539623e-4 0.4662324 1.1008788 2.7556956 
8 6 1 "6" NA 0 0 1 0 NA 0 0 0 NA NA 60 96 4 500000 NA NA 12 0 0 0 0.5 0.5 1.0 1.0 0.038461525 4.7004404 4.700439 0.038461525 0.038461525 0.038461525 0.038461525 0.038461525 0.038461525 0.038461525 0.038461525 0.038461525 0.038461525 0.038461525 0.038461525 0.038461525 0.038461525 0.038461525 0.038461525 0.038461525 0.038461525 0.038461525 0.038461525 0.038461525 0.038461525 0.038461525 0.038461525 0.038461525 0.038461525 0.038461525 4.7004404 4.700439 
8 6 2 "6" NA 0 0 1 0 NA 0 12 0 NA NA 63 96 4 500000 NA NA 12 12 0 0 0.98785514 0.012144898 1.0 1.0 0.011039006 6.501246 2.531599 0.4177454 0.15419653 0.004779938 0.19335206 0.011039006 0.1118893 0.0016147142 0.0016147142 0.032678086 0.0016147142 0.026521664 0.0016147142 0.0016147142 0.02034746 0.0016147142 0.0016147142 0.0016147142 0.0016147142 0.0016147142 0.0016147142 0.0016147142 0.0016147142 0.0016147142 0.0016147142 0.0016147142 0.0016147142 0.011039006 6.501246 2.531599 
8 6 3 "6" NA 0 0 1 0 NA 0 12 0 NA NA 67 96 4 500000 NA NA 12 24 1 0 0.9597422 0.04025787 1.0 1.0 0.3448566 1.5359315 3.103073 0.00794025 0.00794025 0.00794025 0.2750097 0.059296638 0.0758425 0.02551766 0.02551766 0.3448566 0.00794025 0.00794025 0.00794025 0.02551766 0.00794025 0.00794025 0.00794025 0.02551766 0.00794025 0.00794025 0.00794025 0.00794025 0.00794025 0.00794025 0.00794025 0.00794025 0.00794025 0.3448566 1.5359315 3.103073 
8 6 4 "6" NA 0 0 1 0 NA 0 12 0 NA NA 65 96 4 500000 NA NA 12 36 1 0 0.99734885 0.0026511718 1.0 1.0 0.008409983 6.8936815 2.0233274 0.0028702256 0.0010184187 3.9950342e-4 0.015780823 0.6612513 0.016920581 0.008409983 0.038197316 0.09078901 8.4172835e-4 0.05507159 0.0013715656 0.02541929 0.047204778 3.1093176e-4 0.011131624 3.9950342e-4 0.011394909 0.0037507035 3.1093176e-4 0.0052463035 3.1093176e-4 5.764988e-4 3.1093176e-4 3.9950342e-4 3.1093176e-4 0.008409983 6.8936815 2.0233274 
8 6 5 "6" NA 0 0 1 0 NA 0 12 0 NA NA 63 96 4 500000 NA NA 12 48 1 0 0.99423707 0.005762956 1.0 1.0 0.027521612 5.1832914 2.2668397 9.6589734e-4 9.6589734e-4 9.6589734e-4 0.06674418 0.027521612 0.5651616 0.10388258 0.031238759 0.11436701 9.6589734e-4 0.01948985 0.0037462313 9.6589734e-4 0.047254827 9.6589734e-4 0.002358602 9.6589734e-4 9.6589734e-4 9.6589734e-4 9.6589734e-4 9.6589734e-4 9.6589734e-4 0.0037462313 9.6589734e-4 9.6589734e-4 9.6589734e-4 0.027521612 5.1832914 2.2668397 
8 6 6 "6" NA 0 0 1 0 NA 0 12 0 NA NA 72 96 4 500000 NA NA 12 60 1 0 0.99546134 0.0045386055 1.0 1.0 0.0043793367 7.835072 1.8354614 0.0043793367 0.0043793367 0.0043793367 0.7459663 0.035245392 0.04549491 0.014698886 0.014698886 0.035670087 0.0043793367 0.0043793367 0.0043793367 0.014698886 0.0043793367 0.0043793367 0.0043793367 0.014698886 0.0043793367 0.0043793367 0.0043793367 0.0043793367 0.0043793367 0.0043793367 0.0043793367 0.0043793367 0.0043793367 0.0043793367 7.835072 1.8354614 
8 6 7 "6" NA 0 0 1 0 NA 0 12 0 NA NA 67 96 4 500000 NA NA 12 72 0 0 0.96448344 0.03551653 1.0 1.0 0.054851618 4.188322 2.9837773 6.7771354e-4 9.052135e-4 6.7771354e-4 0.0013543409 6.7771354e-4 0.0060943225 0.001797942 0.001797942 0.054851618 6.7771354e-4 0.06493853 0.011097179 0.18108594 0.23961669 0.003323687 0.22448479 0.0015767181 0.12278092 0.018249623 0.0013543409 0.03800966 6.7771354e-4 0.015403931 6.7771354e-4 9.052135e-4 0.00630519 0.054851618 4.188322 2.9837773 
8 6 8 "6" NA 0 0 1 0 NA 0 12 0 NA NA 75 96 4 500000 NA NA 12 84 1 0 0.82924026 0.17075972 1.0 1.0 0.0047319 7.7233644 3.4371598 0.006629081 0.011466108 0.0012864972 0.027346378 0.001745176 0.05105207 0.043452762 0.06072755 0.24109694 0.0023905977 0.13006853 0.014579243 0.054190725 0.18558975 0.0010444841 0.043603387 0.0047319 0.068260364 0.018366853 0.0010444841 0.02516233 0.0010444841 0.001745176 0.0010444841 0.0012864972 0.0010444841 0.0047319 7.7233644 3.4371598 
8 6 9 "6" NA 0 0 1 0 NA 0 12 0 NA NA 74 96 4 500000 NA NA 12 96 1 0 0.9898505 0.010149488 0.99999994 1.0 0.5128266 0.9634569 2.4688253 9.8622e-4 9.8622e-4 9.8622e-4 9.8622e-4 9.8622e-4 9.8622e-4 9.8622e-4 0.0018893586 9.8622e-4 9.8622e-4 9.8622e-4 0.0063582053 0.008134514 0.0054682116 0.13502985 0.5128266 0.07539876 0.039745048 0.11778024 0.033630587 0.0018893586 0.017848058 9.8622e-4 0.012559332 0.019607117 9.8622e-4 0.5128266 0.9634569 2.4688253 
8 6 10 "6" NA 0 0 1 0 NA 0 12 0 NA NA 72 96 4 500000 NA NA 12 108 2 0 0.9935369 0.0064630937 1.0 1.0 0.5235236 0.93367344 2.3045723 6.904222e-5 6.904222e-5 6.904222e-5 2.1283013e-4 6.904222e-5 9.789009e-5 9.789009e-5 3.5592914e-4 0.012302524 6.904222e-5 0.0022839552 0.023631997 0.011315578 0.5235236 0.032418665 0.07571954 0.2080989 0.04349812 0.020367812 0.024188088 0.011036152 6.904222e-5 0.009256013 6.904222e-5 6.695529e-4 4.4159507e-4 0.5235236 0.93367344 2.3045723 
8 6 11 "6" NA 0 0 1 0 NA 0 12 0 NA NA 70 96 4 500000 NA NA 12 120 3 0 0.8590438 0.14095625 1.0 1.0 0.07874256 3.6667125 3.1996987 4.974594e-4 0.0010458493 4.974594e-4 9.216539e-4 4.974594e-4 0.0038339745 0.0011862154 0.0011862154 0.0549265 4.974594e-4 0.045785807 0.07874256 0.16950662 0.15371875 0.0023930846 0.15012135 0.0010552994 0.079798765 0.013538542 9.216539e-4 0.03226175 4.974594e-4 0.010476995 4.974594e-4 6.4375415e-4 0.19494994 0.07874256 3.6667125 3.1996987 
8 6 12 "6" NA 0 0 1 0 NA 0 12 0 NA NA 68 96 4 500000 NA NA 12 132 3 0 0.99439394 0.0056060757 1.0 1.0 0.39042544 1.356881 2.2521033 2.5252602e-4 2.5252602e-4 2.5252602e-4 2.5252602e-4 2.5252602e-4 2.5252602e-4 0.12584211 0.007451651 0.0013278471 0.39042544 0.3271126 0.04243921 0.009307652 0.052023023 0.030948402 2.5252602e-4 0.0061243656 2.5252602e-4 0.0010597752 0.0015956121 2.5252602e-4 2.5252602e-4 2.5252602e-4 0.0010597752 2.5252602e-4 2.5252602e-4 0.39042544 1.356881 2.2521033 
8 6 13 "6" NA 0 0 1 0 NA 0 12 0 NA NA 67 96 4 500000 NA NA 12 144 2 0 0.9998989 1.0107012e-4 1.0 1.0 0.77052355 0.37608904 1.2632025 2.866954e-4 2.866954e-4 2.866954e-4 2.866954e-4 2.866954e-4 0.0010033067 6.4501166e-4 0.12191427 0.77052355 0.04878455 0.0113919 0.026936991 0.009099396 0.0010033067 0.0024363836 2.866954e-4 0.0013615887 2.866954e-4 2.866954e-4 2.866954e-4 2.866954e-4 6.4501166e-4 2.866954e-4 2.866954e-4 2.866954e-4 2.866954e-4 0.77052355 0.37608904 1.2632025 
8 6 14 "6" NA 0 0 1 0 NA 0 12 0 NA NA 65 96 4 500000 NA NA 12 156 5 0 0.96676767 0.03323242 0.99999994 1.0 0.26629427 1.9089066 2.5282402 0.0030306382 0.0011100498 4.481244e-4 0.015814332 6.394291e-4 0.016920296 0.26629427 0.3881086 0.145665 9.228384e-4 0.053113535 0.0014813864 0.025103621 0.045742106 3.5146423e-4 0.011275279 5.8598875e-4 0.0115336925 0.0039279675 3.5146423e-4 0.0054380074 3.5146423e-4 6.394291e-4 3.5146423e-4 4.481244e-4 3.5146423e-4 0.26629427 1.9089066 2.5282402 
8 6 15 "6" NA 0 0 1 0 NA 0 12 0 NA NA 63 96 4 500000 NA NA 12 168 2 1 0.99527735 0.0047226083 1.0 0.99999994 0.60022664 0.73642075 1.8269237 3.948184e-4 3.948184e-4 3.948184e-4 0.0274034 0.60022664 0.23255964 0.042671196 0.012815626 0.04698255 3.948184e-4 0.007991719 0.0015334758 3.948184e-4 0.019394575 3.948184e-4 9.649987e-4 3.948184e-4 3.948184e-4 3.948184e-4 3.948184e-4 3.948184e-4 3.948184e-4 0.0015334758 3.948184e-4 3.948184e-4 3.948184e-4 0.60022664 0.73642075 1.8269237 
8 6 16 "6" NA 0 0 1 0 NA 0 12 0 NA NA 62 96 4 500000 NA NA 12 180 3 1 0.98828495 0.011715122 0.99999994 1.0 0.72895294 0.45610243 1.8199581 0.0034981167 0.0034981167 0.0034981167 0.72895294 0.023934916 0.030682996 0.01036015 0.01036015 0.024569482 0.0034981167 0.0034981167 0.0034981167 0.01036015 0.09095103 0.0034981167 0.0034981167 0.01036015 0.0034981167 0.0034981167 0.0034981167 0.0034981167 0.0034981167 0.0034981167 0.0034981167 0.0034981167 0.0034981167 0.72895294 0.45610243 1.8199581 
8 6 17 "6" NA 0 0 1 0 NA 0 12 0 NA NA 60 96 4 500000 NA NA 12 192 7 0 0.99491566 0.0050843586 1.0 1.0 0.5248091 0.9301353 2.222509 0.017619487 0.5248091 0.036850043 0.1339974 0.17460313 0.03461368 0.0019275342 0.008005707 0.041705985 1.9898317e-4 0.006295137 3.5710068e-4 0.012972355 0.0023969125 1.9898317e-4 0.0013007472 1.9898317e-4 3.5710068e-4 1.9898317e-4 1.9898317e-4 1.9898317e-4 1.9898317e-4 1.9898317e-4 1.9898317e-4 1.9898317e-4 1.9898317e-4 0.5248091 0.9301353 2.222509 
8 6 18 "6" NA 0 0 1 0 NA 0 12 0 NA NA 59 96 4 500000 NA NA 12 204 2 0 0.9895763 0.010423705 1.0 0.99999994 0.2659221 1.9109243 2.0492222 0.2659221 0.080725804 0.0031502182 0.05570399 0.5115886 0.038305566 4.1524917e-4 4.1524917e-4 0.00844784 4.1524917e-4 0.016279943 4.1524917e-4 4.1524917e-4 0.012816501 4.1524917e-4 4.1524917e-4 4.1524917e-4 4.1524917e-4 4.1524917e-4 4.1524917e-4 4.1524917e-4 4.1524917e-4 4.1524917e-4 4.1524917e-4 4.1524917e-4 4.1524917e-4 0.2659221 1.9109243 2.0492222 
8 6 19 "6" NA 0 0 1 0 NA 0 12 0 NA NA 60 96 4 500000 NA NA 12 216 2 0 0.9905581 0.009441912 1.0 1.0 0.21105364 2.2443185 2.432561 0.19592279 0.21105364 0.018535418 0.3768145 0.0051506413 0.02942977 8.7308657e-4 0.0060003414 0.12467573 8.7308657e-4 8.7308657e-4 8.7308657e-4 0.017575156 8.7308657e-4 8.7308657e-4 8.7308657e-4 8.7308657e-4 8.7308657e-4 8.7308657e-4 8.7308657e-4 8.7308657e-4 8.7308657e-4 8.7308657e-4 8.7308657e-4 8.7308657e-4 8.7308657e-4 0.21105364 2.2443185 2.432561 
8 6 20 "6" NA 0 0 1 0 NA 0 12 0 NA NA 62 96 4 500000 NA NA 12 228 3 0 0.96488947 0.03511052 1.0 1.0 0.28576526 1.8070976 2.5318153 0.33298284 0.14970836 0.003369997 0.28576526 0.010521007 0.11175166 0.0011675088 0.0011675088 0.042016353 0.0011675088 0.026068607 0.0011675088 0.0011675088 0.017968321 0.0011675088 0.0011675088 0.0011675088 0.0011675088 0.0011675088 0.0011675088 0.0011675088 0.0011675088 0.0011675088 0.0011675088 0.0011675088 0.0011675088 0.28576526 1.8070976 2.5318153 
8 6 21 "6" NA 0 0 1 0 NA 0 12 0 NA NA 63 96 4 500000 NA NA 12 240 4 0 0.93166655 0.068333484 1.0 0.99999994 0.023280185 5.4247537 2.8076527 0.24405836 0.07863969 0.009422035 0.25325936 0.023280185 0.20821281 0.0038236487 0.018393813 0.087371595 4.56022e-4 0.011582563 7.885235e-4 0.04802777 0.004689331 4.56022e-4 0.00264562 4.56022e-4 7.885235e-4 4.56022e-4 4.56022e-4 4.56022e-4 4.56022e-4 4.56022e-4 4.56022e-4 4.56022e-4 4.56022e-4 0.023280185 5.4247537 2.8076527 
8 6 22 "6" NA 0 0 1 0 NA 0 12 0 NA NA 62 96 4 500000 NA NA 12 252 2 0 0.9414986 0.058501415 0.99999994 1.0 0.51176775 0.9664389 2.8732412 0.006401909 0.006401909 0.006401909 0.51176775 0.08965386 0.05066727 0.06903173 0.018010197 0.04481337 0.006401909 0.006401909 0.006401909 0.018010197 0.020181706 0.006401909 0.006401909 0.06903173 0.006401909 0.006401909 0.006401909 0.006401909 0.006401909 0.006401909 0.006401909 0.006401909 0.006401909 0.51176775 0.9664389 2.8732412 
8 6 23 "6" NA 0 0 1 0 NA 0 12 0 NA NA 63 96 4 500000 NA NA 12 264 2 1 0.90505445 0.09494558 1.0 1.0 0.46419454 1.1071986 2.472785 0.023050604 0.17628226 0.045100816 0.14594992 0.46419454 0.04260397 0.0030795578 0.011246877 0.05047649 3.902791e-4 0.009037876 6.643708e-4 0.017446896 0.003754824 3.902791e-4 0.002153311 3.902791e-4 6.643708e-4 3.902791e-4 3.902791e-4 3.902791e-4 3.902791e-4 3.902791e-4 3.902791e-4 3.902791e-4 3.902791e-4 0.46419454 1.1071986 2.472785 
8 6 24 "6" NA 0 0 1 0 NA 0 12 0 NA NA 65 96 4 500000 NA NA 12 276 3 1 0.9005454 0.099454604 0.99999994 1.0 0.42473304 1.2353717 2.833102 0.004790266 0.004790266 0.004790266 0.17460558 0.059808 0.034649614 0.42473304 0.012883357 0.033531867 0.004790266 0.004790266 0.004790266 0.012883357 0.01563428 0.004790266 0.004790266 0.14983639 0.004790266 0.004790266 0.004790266 0.004790266 0.004790266 0.004790266 0.004790266 0.004790266 0.004790266 0.42473304 1.2353717 2.833102 
8 6 25 "6" NA 0 0 1 0 NA 0 12 0 NA NA 67 96 4 500000 NA NA 12 288 1 0 0.9805468 0.019453289 1.0 0.99999994 0.53622335 0.8990941 2.2962568 0.0017894864 0.0017894864 0.0017894864 0.0263725 0.01495622 0.21698362 0.05278445 0.055169914 0.53622335 0.0017894864 0.021523874 0.0068121846 0.0017894864 0.031203404 0.0017894864 0.004316317 0.0017894864 0.0017894864 0.0017894864 0.0017894864 0.0017894864 0.0017894864 0.0068121846 0.0017894864 0.0017894864 0.0017894864 0.53622335 0.8990941 2.2962568 
8 6 26 "6" NA 0 0 1 0 NA 0 12 0 NA NA 65 96 4 500000 NA NA 12 300 2 0 0.9683856 0.031614453 1.0 1.0 0.46577713 1.1022884 2.4748425 0.0018235489 6.6680054e-4 2.687777e-4 0.009541899 3.8374713e-4 0.054713376 0.46577713 0.022510722 0.11248376 5.5417244e-4 0.17774938 0.010335077 0.015158503 0.09727087 2.1071688e-4 0.00679932 3.503122e-4 0.0069554136 0.0023645023 2.1071688e-4 0.012586699 2.1071688e-4 3.8374713e-4 2.1071688e-4 2.687777e-4 2.1071688e-4 0.46577713 1.1022884 2.4748425 
8 6 27 "6" NA 0 0 1 0 NA 0 12 0 NA NA 67 96 4 500000 NA NA 12 312 3 1 0.5236693 0.47633067 1.0 1.0 0.37560922 1.4126956 2.8845346 0.0038667633 0.0038667633 0.0038667633 0.035992466 0.23039825 0.13368477 0.04543673 0.02412941 0.37560922 0.0038667633 0.044761043 0.007895861 0.0038667633 0.030007042 0.0038667633 0.0061881873 0.0038667633 0.0038667633 0.0038667633 0.0038667633 0.0038667633 0.0038667633 0.007895861 0.0038667633 0.0038667633 0.0038667633 0.37560922 1.4126956 2.8845346 
8 6 28 "6" NA 0 0 1 0 NA 0 12 0 NA NA 71 96 4 500000 NA NA 12 324 3 1 0.96571296 0.034287024 1.0 1.0 0.010312422 6.599473 2.1517096 0.0012478437 4.5755625e-4 1.8489742e-4 0.00649971 2.637278e-4 0.081598274 0.044609867 0.01529748 0.20564781 3.804655e-4 0.5396479 0.0070384536 0.010312422 0.06583535 1.4505367e-4 0.0046358667 2.422995e-4 0.0047419956 0.001616855 1.4505367e-4 0.008567205 1.4505367e-4 2.637278e-4 1.4505367e-4 1.8489742e-4 1.4505367e-4 0.010312422 6.599473 2.1517096 
8 6 29 "6" NA 0 0 1 0 NA 0 12 0 NA NA 72 96 4 500000 NA NA 12 336 1 0 0.98127323 0.018726757 1.0 1.0 0.16133012 2.6319122 2.6945457 5.257441e-4 4.3003017e-4 0.0032247868 0.015322787 4.3003017e-4 0.0010944813 4.3003017e-4 0.012370728 0.09757708 0.0021235289 0.2539101 0.004063692 0.18958679 0.16133012 0.00679529 0.23037843 0.0012826073 0.008439561 0.0012826073 0.0011886155 0.0036958442 6.2112475e-4 0.0014702061 4.3003017e-4 0.0014702061 5.257441e-4 0.16133012 2.6319122 2.6945457 
8 6 30 "6" NA 0 0 1 0 NA 0 12 0 NA NA 63 96 4 500000 NA NA 12 348 2 0 0.9196052 0.08039488 1.0 1.0 5.5145484e-4 10.82447 2.966955 5.5145484e-4 7.267174e-4 5.5145484e-4 0.0016793369 5.5145484e-4 0.009527146 0.0013980494 0.002584056 0.073967874 5.5145484e-4 0.072549134 0.010281353 0.17574875 0.18399613 0.0030865876 0.28613436 0.0024285659 0.1040924 0.013242675 0.0010670883 0.03174253 5.5145484e-4 0.017087178 5.5145484e-4 7.267174e-4 0.004624758 5.5145484e-4 10.82447 2.966955 
8 6 31 "6" NA 0 0 1 0 NA 0 12 0 NA NA 67 96 4 500000 NA NA 12 360 0 0 0.638049 0.3619509 1.0 0.99999994 0.110927574 3.17231 4.1181064 0.017179806 0.017179806 0.017179806 0.20976502 0.059460994 0.06980261 0.08949581 0.034629397 0.110927574 0.017179806 0.017179806 0.017179806 0.034629397 0.06460294 0.017179806 0.017179806 0.034629397 0.017179806 0.017179806 0.017179806 0.017179806 0.017179806 0.017179806 0.017179806 0.017179806 0.017179806 0.110927574 3.17231 4.1181064 
8 6 32 "6" NA 0 0 1 0 NA 0 12 0 NA NA 63 96 4 500000 NA NA 12 372 1 1 0.8151166 0.18488339 1.0 1.0 0.27212968 1.8776338 3.0476904 0.0057218736 0.0024534084 0.0011418856 0.023041049 0.27212968 0.024392385 0.2921299 0.047452595 0.09628503 0.0020995985 0.06399145 0.0031292217 0.048884682 0.056417216 9.303738e-4 0.017323107 0.0019271012 0.01765725 0.0071203914 9.303738e-4 0.009367316 9.303738e-4 0.0015409801 9.303738e-4 0.0011418856 9.303738e-4 0.27212968 1.8776338 3.0476904 
