dataset.id melody.id note.id melody.name vertint12 articulation comma voice ornament dyn phrase bioi deltast accidental mpitch cpitch barlength pulses tempo mode keysig dur onset cpitch.order.stm.cpint-cpitch cpitch.weight.stm.cpint-cpitch cpitch.probability cpitch.information.content cpitch.entropy cpitch.59 cpitch.60 cpitch.61 cpitch.62 cpitch.63 cpitch.64 cpitch.65 cpitch.66 cpitch.67 cpitch.68 cpitch.69 cpitch.70 cpitch.71 cpitch.72 cpitch.73 cpitch.74 cpitch.75 cpitch.76 cpitch.77 cpitch.78 cpitch.79 cpitch.80 cpitch.81 cpitch.82 cpitch.83 cpitch.84 probability information.content entropy 
9 1 1 "1" NA 0 0 1 0 NA 0 0 0 NA NA 72 96 4 500000 NA NA 12 0 0 1.0 0.038461525 4.7004404 4.700439 0.038461525 0.038461525 0.038461525 0.038461525 0.038461525 0.038461525 0.038461525 0.038461525 0.038461525 0.038461525 0.038461525 0.038461525 0.038461525 0.038461525 0.038461525 0.038461525 0.038461525 0.038461525 0.038461525 0.038461525 0.038461525 0.038461525 0.038461525 0.038461525 0.038461525 0.038461525 0.038461525 4.7004404 4.700439 
9 1 2 "1" NA 0 0 1 0 NA 0 12 0 NA NA 66 96 4 500000 NA NA 12 12 0 1.0 0.038461532 4.70044 4.700439 0.038461532 0.038461532 0.038461532 0.038461532 0.038461532 0.038461532 0.038461532 0.038461532 0.038461532 0.038461532 0.038461532 0.038461532 0.038461532 0.038461532 0.038461532 0.038461532 0.038461532 0.038461532 0.038461532 0.038461532 0.038461532 0.038461532 0.038461532 0.038461532 0.038461532 0.038461532 0.038461532 4.70044 4.700439 
9 1 3 "1" NA 0 0 1 0 NA 0 12 0 NA NA 68 96 4 500000 NA NA 12 24 0 1.0 0.038461532 4.70044 4.700439 0.038461532 0.038461532 0.038461532 0.038461532 0.038461532 0.038461532 0.038461532 0.038461532 0.038461532 0.038461532 0.038461532 0.038461532 0.038461532 0.038461532 0.038461532 0.038461532 0.038461532 0.038461532 0.038461532 0.038461532 0.038461532 0.038461532 0.038461532 0.038461532 0.038461532 0.038461532 0.038461532 4.70044 4.700439 
9 1 4 "1" NA 0 0 1 0 NA 0 12 0 NA NA 70 96 4 500000 NA NA 12 36 0 1.0 0.038461532 4.70044 4.700439 0.038461532 0.038461532 0.038461532 0.038461532 0.038461532 0.038461532 0.038461532 0.038461532 0.038461532 0.038461532 0.038461532 0.038461532 0.038461532 0.038461532 0.038461532 0.038461532 0.038461532 0.038461532 0.038461532 0.038461532 0.038461532 0.038461532 0.038461532 0.038461532 0.038461532 0.038461532 0.038461532 4.70044 4.700439 
9 1 5 "1" NA 0 0 1 0 NA 0 12 0 NA NA 62 96 4 500000 NA NA 12 48 0 1.0 0.038461532 4.70044 4.700439 0.038461532 0.038461532 0.038461532 0.038461532 0.038461532 0.038461532 0.038461532 0.038461532 0.038461532 0.038461532 0.038461532 0.038461532 0.038461532 0.038461532 0.038461532 0.038461532 0.038461532 0.038461532 0.038461532 0.038461532 0.038461532 0.038461532 0.038461532 0.038461532 0.038461532 0.038461532 0.038461532 4.70044 4.700439 
9 1 6 "1" NA 0 0 1 0 NA 0 12 0 NA NA 64 96 4 500000 NA NA 12 60 0 1.0 0.038461532 4.70044 4.700439 0.038461532 0.038461532 0.038461532 0.038461532 0.038461532 0.038461532 0.038461532 0.038461532 0.038461532 0.038461532 0.038461532 0.038461532 0.038461532 0.038461532 0.038461532 0.038461532 0.038461532 0.038461532 0.038461532 0.038461532 0.038461532 0.038461532 0.038461532 0.038461532 0.038461532 0.038461532 0.038461532 4.70044 4.700439 
9 1 7 "1" NA 0 0 1 0 NA 0 12 0 NA NA 69 96 4 500000 NA NA 12 72 0 1.0 0.038461532 4.70044 4.700439 0.038461532 0.038461532 0.038461532 0.038461532 0.038461532 0.038461532 0.038461532 0.038461532 0.038461532 0.038461532 0.038461532 0.038461532 0.038461532 0.038461532 0.038461532 0.038461532 0.038461532 0.038461532 0.038461532 0.038461532 0.038461532 0.038461532 0.038461532 0.038461532 0.038461532 0.038461532 0.038461532 4.70044 4.700439 
9 1 8 "1" NA 0 0 1 0 NA 0 12 0 NA NA 65 96 4 500000 NA NA 12 84 0 1.0 0.038461532 4.70044 4.700439 0.038461532 0.038461532 0.038461532 0.038461532 0.038461532 0.038461532 0.038461532 0.038461532 0.038461532 0.038461532 0.038461532 0.038461532 0.038461532 0.038461532 0.038461532 0.038461532 0.038461532 0.038461532 0.038461532 0.038461532 0.038461532 0.038461532 0.038461532 0.038461532 0.038461532 0.038461532 0.038461532 4.70044 4.700439 
9 1 9 "1" NA 0 0 1 0 NA 0 12 0 NA NA 63 96 4 500000 NA NA 12 96 0 1.0 0.038461532 4.70044 4.700439 0.038461532 0.038461532 0.038461532 0.038461532 0.038461532 0.038461532 0.038461532 0.038461532 0.038461532 0.038461532 0.038461532 0.038461532 0.038461532 0.038461532 0.038461532 0.038461532 0.038461532 0.038461532 0.038461532 0.038461532 0.038461532 0.038461532 0.038461532 0.038461532 0.038461532 0.038461532 0.038461532 4.70044 4.700439 
9 1 10 "1" NA 0 0 1 0 NA 0 12 0 NA NA 71 96 4 500000 NA NA 12 108 0 1.0 0.038461532 4.70044 4.700439 0.038461532 0.038461532 0.038461532 0.038461532 0.038461532 0.038461532 0.038461532 0.038461532 0.038461532 0.038461532 0.038461532 0.038461532 0.038461532 0.038461532 0.038461532 0.038461532 0.038461532 0.038461532 0.038461532 0.038461532 0.038461532 0.038461532 0.038461532 0.038461532 0.038461532 0.038461532 0.038461532 4.70044 4.700439 
9 1 11 "1" NA 0 0 1 0 NA 0 12 0 NA NA 67 96 4 500000 NA NA 12 120 0 1.0 0.038461532 4.70044 4.700439 0.038461532 0.038461532 0.038461532 0.038461532 0.038461532 0.038461532 0.038461532 0.038461532 0.038461532 0.038461532 0.038461532 0.038461532 0.038461532 0.038461532 0.038461532 0.038461532 0.038461532 0.038461532 0.038461532 0.038461532 0.038461532 0.038461532 0.038461532 0.038461532 0.038461532 0.038461532 0.038461532 4.70044 4.700439 
9 1 12 "1" NA 0 0 1 0 NA 0 12 0 NA NA 73 96 4 500000 NA NA 12 132 0 1.0 0.038461532 4.70044 4.700439 0.038461532 0.038461532 0.038461532 0.038461532 0.038461532 0.038461532 0.038461532 0.038461532 0.038461532 0.038461532 0.038461532 0.038461532 0.038461532 0.038461532 0.038461532 0.038461532 0.038461532 0.038461532 0.038461532 0.038461532 0.038461532 0.038461532 0.038461532 0.038461532 0.038461532 0.038461532 0.038461532 4.70044 4.700439 
9 1 13 "1" NA 0 0 1 0 NA 0 12 0 NA NA 71 96 4 500000 NA NA 12 144 0 1.0 0.038461532 4.70044 4.700439 0.038461532 0.038461532 0.038461532 0.038461532 0.038461532 0.038461532 0.038461532 0.038461532 0.038461532 0.038461532 0.038461532 0.038461532 0.038461532 0.038461532 0.038461532 0.038461532 0.038461532 0.038461532 0.038461532 0.038461532 0.038461532 0.038461532 0.038461532 0.038461532 0.038461532 0.038461532 0.038461532 4.70044 4.700439 
9 1 14 "1" NA 0 0 1 0 NA 0 12 0 NA NA 63 96 4 500000 NA NA 12 156 0 1.0 0.025641026 5.2854023 3.9186585 0.025641026 0.025641026 0.025641026 0.025641026 0.025641026 0.025641026 0.025641026 0.025641026 0.35897437 0.025641026 0.025641026 0.025641026 0.025641026 0.025641026 0.025641026 0.025641026 0.025641026 0.025641026 0.025641026 0.025641026 0.025641026 0.025641026 0.025641026 0.025641026 0.025641026 0.025641026 0.025641026 5.2854023 3.9186585 
9 1 15 "1" NA 0 0 1 0 NA 0 12 0 NA NA 65 96 4 500000 NA NA 12 168 0 1.0 0.025641026 5.2854023 3.9186585 0.025641026 0.025641026 0.025641026 0.025641026 0.025641026 0.025641026 0.025641026 0.025641026 0.025641026 0.025641026 0.025641026 0.025641026 0.35897437 0.025641026 0.025641026 0.025641026 0.025641026 0.025641026 0.025641026 0.025641026 0.025641026 0.025641026 0.025641026 0.025641026 0.025641026 0.025641026 0.025641026 5.2854023 3.9186585 
9 1 16 "1" NA 0 0 1 0 NA 0 12 0 NA NA 69 96 4 500000 NA NA 12 180 0 0.99999994 0.025641026 5.2854023 3.9186583 0.025641026 0.025641026 0.025641026 0.025641026 0.35897437 0.025641026 0.025641026 0.025641026 0.025641026 0.025641026 0.025641026 0.025641026 0.025641026 0.025641026 0.025641026 0.025641026 0.025641026 0.025641026 0.025641026 0.025641026 0.025641026 0.025641026 0.025641026 0.025641026 0.025641026 0.025641026 0.025641026 5.2854023 3.9186583 
9 1 17 "1" NA 0 0 1 0 NA 0 12 0 NA NA 64 96 4 500000 NA NA 12 192 0 1.0 0.025641026 5.2854023 3.9186585 0.025641026 0.025641026 0.025641026 0.025641026 0.025641026 0.025641026 0.35897437 0.025641026 0.025641026 0.025641026 0.025641026 0.025641026 0.025641026 0.025641026 0.025641026 0.025641026 0.025641026 0.025641026 0.025641026 0.025641026 0.025641026 0.025641026 0.025641026 0.025641026 0.025641026 0.025641026 0.025641026 5.2854023 3.9186585 
9 1 18 "1" NA 0 0 1 0 NA 0 12 0 NA NA 62 96 4 500000 NA NA 12 204 0 1.0 0.025641026 5.2854023 3.9186585 0.025641026 0.025641026 0.025641026 0.025641026 0.025641026 0.025641026 0.025641026 0.025641026 0.025641026 0.025641026 0.35897437 0.025641026 0.025641026 0.025641026 0.025641026 0.025641026 0.025641026 0.025641026 0.025641026 0.025641026 0.025641026 0.025641026 0.025641026 0.025641026 0.025641026 0.025641026 0.025641026 5.2854023 3.9186585 
9 1 19 "1" NA 0 0 1 0 NA 0 12 0 NA NA 70 96 4 500000 NA NA 12 216 0 1.0 0.025641026 5.2854023 3.9186585 0.025641026 0.025641026 0.025641026 0.025641026 0.025641026 0.35897437 0.025641026 0.025641026 0.025641026 0.025641026 0.025641026 0.025641026 0.025641026 0.025641026 0.025641026 0.025641026 0.025641026 0.025641026 0.025641026 0.025641026 0.025641026 0.025641026 0.025641026 0.025641026 0.025641026 0.025641026 0.025641026 5.2854023 3.9186585 
9 1 20 "1" NA 0 0 1 0 NA 0 12 0 NA NA 68 96 4 500000 NA NA 12 228 0 0.99999994 0.025641026 5.2854023 3.9186583 0.025641026 0.025641026 0.025641026 0.35897437 0.025641026 0.025641026 0.025641026 0.025641026 0.025641026 0.025641026 0.025641026 0.025641026 0.025641026 0.025641026 0.025641026 0.025641026 0.025641026 0.025641026 0.025641026 0.025641026 0.025641026 0.025641026 0.025641026 0.025641026 0.025641026 0.025641026 0.025641026 5.2854023 3.9186583 
9 1 21 "1" NA 0 0 1 0 NA 0 12 0 NA NA 66 96 4 500000 NA NA 12 240 0 1.0 0.025641026 5.2854023 3.9186585 0.025641026 0.025641026 0.025641026 0.025641026 0.025641026 0.025641026 0.025641026 0.025641026 0.025641026 0.025641026 0.025641026 0.35897437 0.025641026 0.025641026 0.025641026 0.025641026 0.025641026 0.025641026 0.025641026 0.025641026 0.025641026 0.025641026 0.025641026 0.025641026 0.025641026 0.025641026 0.025641026 5.2854023 3.9186585 
9 1 22 "1" NA 0 0 1 0 NA 0 12 0 NA NA 72 96 4 500000 NA NA 12 252 0 1.0 0.025641026 5.2854023 3.9186585 0.025641026 0.025641026 0.025641026 0.025641026 0.025641026 0.025641026 0.025641026 0.025641026 0.025641026 0.35897437 0.025641026 0.025641026 0.025641026 0.025641026 0.025641026 0.025641026 0.025641026 0.025641026 0.025641026 0.025641026 0.025641026 0.025641026 0.025641026 0.025641026 0.025641026 0.025641026 0.025641026 5.2854023 3.9186585 
9 1 23 "1" NA 0 0 1 0 NA 0 12 0 NA NA 64 96 4 500000 NA NA 12 264 0 1.0 0.025641026 5.2854023 3.9186585 0.025641026 0.025641026 0.025641026 0.025641026 0.025641026 0.025641026 0.025641026 0.35897437 0.025641026 0.025641026 0.025641026 0.025641026 0.025641026 0.025641026 0.025641026 0.025641026 0.025641026 0.025641026 0.025641026 0.025641026 0.025641026 0.025641026 0.025641026 0.025641026 0.025641026 0.025641026 0.025641026 5.2854023 3.9186585 
9 1 24 "1" NA 0 0 1 0 NA 0 12 0 NA NA 63 96 4 500000 NA NA 12 276 0 1.0 0.0234375 5.4150376 4.0052414 0.0234375 0.0234375 0.0234375 0.21875001 0.0234375 0.0234375 0.0234375 0.0234375 0.0234375 0.0234375 0.21875001 0.0234375 0.0234375 0.0234375 0.0234375 0.0234375 0.0234375 0.0234375 0.0234375 0.0234375 0.0234375 0.0234375 0.0234375 0.0234375 0.0234375 0.0234375 0.0234375 5.4150376 4.0052414 
9 1 25 "1" NA 0 0 1 0 NA 0 12 0 NA NA 70 96 4 500000 NA NA 12 288 0 1.0 0.023437498 5.4150376 4.0052414 0.023437498 0.023437498 0.023437498 0.023437498 0.023437498 0.023437498 0.21874999 0.023437498 0.023437498 0.023437498 0.023437498 0.023437498 0.21874999 0.023437498 0.023437498 0.023437498 0.023437498 0.023437498 0.023437498 0.023437498 0.023437498 0.023437498 0.023437498 0.023437498 0.023437498 0.023437498 0.023437498 5.4150376 4.0052414 
9 1 26 "1" NA 0 0 1 0 NA 0 12 0 NA NA 68 96 4 500000 NA NA 12 300 0 1.0 0.21875001 2.192645 4.0052414 0.0234375 0.0234375 0.0234375 0.21875001 0.0234375 0.0234375 0.0234375 0.0234375 0.0234375 0.21875001 0.0234375 0.0234375 0.0234375 0.0234375 0.0234375 0.0234375 0.0234375 0.0234375 0.0234375 0.0234375 0.0234375 0.0234375 0.0234375 0.0234375 0.0234375 0.0234375 0.21875001 2.192645 4.0052414 
9 1 27 "1" NA 0 0 1 0 NA 0 12 0 NA NA 62 96 4 500000 NA NA 12 312 1 1.0 0.016853932 5.890771 3.3241355 0.016853932 0.016853932 0.016853932 0.016853932 0.016853932 0.016853932 0.016853932 0.4382023 0.016853932 0.016853932 0.016853932 0.15730338 0.016853932 0.016853932 0.016853932 0.016853932 0.016853932 0.016853932 0.016853932 0.016853932 0.016853932 0.016853932 0.016853932 0.016853932 0.016853932 0.016853932 0.016853932 5.890771 3.3241355 
9 1 28 "1" NA 0 0 1 0 NA 0 12 0 NA NA 67 96 4 500000 NA NA 12 324 0 1.0 0.0234375 5.4150376 4.0052414 0.0234375 0.0234375 0.0234375 0.0234375 0.0234375 0.21875001 0.0234375 0.0234375 0.0234375 0.0234375 0.0234375 0.21875001 0.0234375 0.0234375 0.0234375 0.0234375 0.0234375 0.0234375 0.0234375 0.0234375 0.0234375 0.0234375 0.0234375 0.0234375 0.0234375 0.0234375 0.0234375 5.4150376 4.0052414 
9 1 29 "1" NA 0 0 1 0 NA 0 12 0 NA NA 69 96 4 500000 NA NA 12 336 0 1.0 0.025641026 5.2854023 3.9186585 0.025641026 0.025641026 0.025641026 0.025641026 0.025641026 0.025641026 0.025641026 0.025641026 0.025641026 0.025641026 0.025641026 0.025641026 0.025641026 0.025641026 0.35897437 0.025641026 0.025641026 0.025641026 0.025641026 0.025641026 0.025641026 0.025641026 0.025641026 0.025641026 0.025641026 0.025641026 0.025641026 5.2854023 3.9186585 
9 1 30 "1" NA 0 0 1 0 NA 0 12 0 NA NA 61 96 4 500000 NA NA 12 348 0 1.0 0.0234375 5.4150376 4.0052414 0.0234375 0.0234375 0.0234375 0.0234375 0.0234375 0.21875001 0.21875001 0.0234375 0.0234375 0.0234375 0.0234375 0.0234375 0.0234375 0.0234375 0.0234375 0.0234375 0.0234375 0.0234375 0.0234375 0.0234375 0.0234375 0.0234375 0.0234375 0.0234375 0.0234375 0.0234375 0.0234375 5.4150376 4.0052414 
9 1 31 "1" NA 0 0 1 0 NA 0 12 0 NA NA 65 96 4 500000 NA NA 12 360 0 1.0 0.038461532 4.70044 4.700439 0.038461532 0.038461532 0.038461532 0.038461532 0.038461532 0.038461532 0.038461532 0.038461532 0.038461532 0.038461532 0.038461532 0.038461532 0.038461532 0.038461532 0.038461532 0.038461532 0.038461532 0.038461532 0.038461532 0.038461532 0.038461532 0.038461532 0.038461532 0.038461532 0.038461532 0.038461532 0.038461532 4.70044 4.700439 
9 1 32 "1" NA 0 0 1 0 NA 0 12 0 NA NA 59 96 4 500000 NA NA 12 372 0 1.0 0.0234375 5.4150376 4.0052414 0.0234375 0.0234375 0.0234375 0.0234375 0.21875001 0.0234375 0.0234375 0.0234375 0.0234375 0.0234375 0.21875001 0.0234375 0.0234375 0.0234375 0.0234375 0.0234375 0.0234375 0.0234375 0.0234375 0.0234375 0.0234375 0.0234375 0.0234375 0.0234375 0.0234375 0.0234375 0.0234375 5.4150376 4.0052414 
9 2 1 "2" NA 0 0 1 0 NA 0 0 0 NA NA 74 96 4 500000 NA NA 12 0 0 1.0 0.038461525 4.7004404 4.700439 0.038461525 0.038461525 0.038461525 0.038461525 0.038461525 0.038461525 0.038461525 0.038461525 0.038461525 0.038461525 0.038461525 0.038461525 0.038461525 0.038461525 0.038461525 0.038461525 0.038461525 0.038461525 0.038461525 0.038461525 0.038461525 0.038461525 0.038461525 0.038461525 0.038461525 0.038461525 0.038461525 4.7004404 4.700439 
9 2 2 "2" NA 0 0 1 0 NA 0 12 0 NA NA 70 96 4 500000 NA NA 12 12 0 1.0 0.038461532 4.70044 4.700439 0.038461532 0.038461532 0.038461532 0.038461532 0.038461532 0.038461532 0.038461532 0.038461532 0.038461532 0.038461532 0.038461532 0.038461532 0.038461532 0.038461532 0.038461532 0.038461532 0.038461532 0.038461532 0.038461532 0.038461532 0.038461532 0.038461532 0.038461532 0.038461532 0.038461532 0.038461532 0.038461532 4.70044 4.700439 
9 2 3 "2" NA 0 0 1 0 NA 0 12 0 NA NA 69 96 4 500000 NA NA 12 24 0 1.0 0.038461532 4.70044 4.700439 0.038461532 0.038461532 0.038461532 0.038461532 0.038461532 0.038461532 0.038461532 0.038461532 0.038461532 0.038461532 0.038461532 0.038461532 0.038461532 0.038461532 0.038461532 0.038461532 0.038461532 0.038461532 0.038461532 0.038461532 0.038461532 0.038461532 0.038461532 0.038461532 0.038461532 0.038461532 0.038461532 4.70044 4.700439 
9 2 4 "2" NA 0 0 1 0 NA 0 12 0 NA NA 73 96 4 500000 NA NA 12 36 0 1.0 0.038461532 4.70044 4.700439 0.038461532 0.038461532 0.038461532 0.038461532 0.038461532 0.038461532 0.038461532 0.038461532 0.038461532 0.038461532 0.038461532 0.038461532 0.038461532 0.038461532 0.038461532 0.038461532 0.038461532 0.038461532 0.038461532 0.038461532 0.038461532 0.038461532 0.038461532 0.038461532 0.038461532 0.038461532 0.038461532 4.70044 4.700439 
9 2 5 "2" NA 0 0 1 0 NA 0 12 0 NA NA 72 96 4 500000 NA NA 12 48 0 1.0 0.038461532 4.70044 4.700439 0.038461532 0.038461532 0.038461532 0.038461532 0.038461532 0.038461532 0.038461532 0.038461532 0.038461532 0.038461532 0.038461532 0.038461532 0.038461532 0.038461532 0.038461532 0.038461532 0.038461532 0.038461532 0.038461532 0.038461532 0.038461532 0.038461532 0.038461532 0.038461532 0.038461532 0.038461532 0.038461532 4.70044 4.700439 
9 2 6 "2" NA 0 0 1 0 NA 0 12 0 NA NA 71 96 4 500000 NA NA 12 60 0 1.0 0.038461532 4.70044 4.700439 0.038461532 0.038461532 0.038461532 0.038461532 0.038461532 0.038461532 0.038461532 0.038461532 0.038461532 0.038461532 0.038461532 0.038461532 0.038461532 0.038461532 0.038461532 0.038461532 0.038461532 0.038461532 0.038461532 0.038461532 0.038461532 0.038461532 0.038461532 0.038461532 0.038461532 0.038461532 0.038461532 4.70044 4.700439 
9 2 7 "2" NA 0 0 1 0 NA 0 12 0 NA NA 65 96 4 500000 NA NA 12 72 0 1.0 0.038461532 4.70044 4.700439 0.038461532 0.038461532 0.038461532 0.038461532 0.038461532 0.038461532 0.038461532 0.038461532 0.038461532 0.038461532 0.038461532 0.038461532 0.038461532 0.038461532 0.038461532 0.038461532 0.038461532 0.038461532 0.038461532 0.038461532 0.038461532 0.038461532 0.038461532 0.038461532 0.038461532 0.038461532 0.038461532 4.70044 4.700439 
9 2 8 "2" NA 0 0 1 0 NA 0 12 0 NA NA 63 96 4 500000 NA NA 12 84 0 1.0 0.038461532 4.70044 4.700439 0.038461532 0.038461532 0.038461532 0.038461532 0.038461532 0.038461532 0.038461532 0.038461532 0.038461532 0.038461532 0.038461532 0.038461532 0.038461532 0.038461532 0.038461532 0.038461532 0.038461532 0.038461532 0.038461532 0.038461532 0.038461532 0.038461532 0.038461532 0.038461532 0.038461532 0.038461532 0.038461532 4.70044 4.700439 
9 2 9 "2" NA 0 0 1 0 NA 0 12 0 NA NA 66 96 4 500000 NA NA 12 96 0 1.0 0.038461532 4.70044 4.700439 0.038461532 0.038461532 0.038461532 0.038461532 0.038461532 0.038461532 0.038461532 0.038461532 0.038461532 0.038461532 0.038461532 0.038461532 0.038461532 0.038461532 0.038461532 0.038461532 0.038461532 0.038461532 0.038461532 0.038461532 0.038461532 0.038461532 0.038461532 0.038461532 0.038461532 0.038461532 0.038461532 4.70044 4.700439 
9 2 10 "2" NA 0 0 1 0 NA 0 12 0 NA NA 64 96 4 500000 NA NA 12 108 0 1.0 0.038461532 4.70044 4.700439 0.038461532 0.038461532 0.038461532 0.038461532 0.038461532 0.038461532 0.038461532 0.038461532 0.038461532 0.038461532 0.038461532 0.038461532 0.038461532 0.038461532 0.038461532 0.038461532 0.038461532 0.038461532 0.038461532 0.038461532 0.038461532 0.038461532 0.038461532 0.038461532 0.038461532 0.038461532 0.038461532 4.70044 4.700439 
9 2 11 "2" NA 0 0 1 0 NA 0 12 0 NA NA 68 96 4 500000 NA NA 12 120 0 1.0 0.038461532 4.70044 4.700439 0.038461532 0.038461532 0.038461532 0.038461532 0.038461532 0.038461532 0.038461532 0.038461532 0.038461532 0.038461532 0.038461532 0.038461532 0.038461532 0.038461532 0.038461532 0.038461532 0.038461532 0.038461532 0.038461532 0.038461532 0.038461532 0.038461532 0.038461532 0.038461532 0.038461532 0.038461532 0.038461532 4.70044 4.700439 
9 2 12 "2" NA 0 0 1 0 NA 0 12 0 NA NA 67 96 4 500000 NA NA 12 132 0 1.0 0.038461532 4.70044 4.700439 0.038461532 0.038461532 0.038461532 0.038461532 0.038461532 0.038461532 0.038461532 0.038461532 0.038461532 0.038461532 0.038461532 0.038461532 0.038461532 0.038461532 0.038461532 0.038461532 0.038461532 0.038461532 0.038461532 0.038461532 0.038461532 0.038461532 0.038461532 0.038461532 0.038461532 0.038461532 0.038461532 4.70044 4.700439 
9 2 13 "2" NA 0 0 1 0 NA 0 12 0 NA NA 64 96 4 500000 NA NA 12 144 0 1.0 0.038461532 4.70044 4.700439 0.038461532 0.038461532 0.038461532 0.038461532 0.038461532 0.038461532 0.038461532 0.038461532 0.038461532 0.038461532 0.038461532 0.038461532 0.038461532 0.038461532 0.038461532 0.038461532 0.038461532 0.038461532 0.038461532 0.038461532 0.038461532 0.038461532 0.038461532 0.038461532 0.038461532 0.038461532 0.038461532 4.70044 4.700439 
9 2 14 "2" NA 0 0 1 0 NA 0 12 0 NA NA 66 96 4 500000 NA NA 12 156 0 1.0 0.025641026 5.2854023 3.9186585 0.025641026 0.025641026 0.025641026 0.025641026 0.025641026 0.025641026 0.025641026 0.025641026 0.025641026 0.35897437 0.025641026 0.025641026 0.025641026 0.025641026 0.025641026 0.025641026 0.025641026 0.025641026 0.025641026 0.025641026 0.025641026 0.025641026 0.025641026 0.025641026 0.025641026 0.025641026 0.025641026 5.2854023 3.9186585 
9 2 15 "2" NA 0 0 1 0 NA 0 12 0 NA NA 63 96 4 500000 NA NA 12 168 0 1.0 0.025641026 5.2854023 3.9186585 0.025641026 0.025641026 0.025641026 0.025641026 0.025641026 0.35897437 0.025641026 0.025641026 0.025641026 0.025641026 0.025641026 0.025641026 0.025641026 0.025641026 0.025641026 0.025641026 0.025641026 0.025641026 0.025641026 0.025641026 0.025641026 0.025641026 0.025641026 0.025641026 0.025641026 0.025641026 0.025641026 5.2854023 3.9186585 
9 2 16 "2" NA 0 0 1 0 NA 0 12 0 NA NA 65 96 4 500000 NA NA 12 180 0 1.0 0.025641026 5.2854023 3.9186585 0.025641026 0.025641026 0.025641026 0.025641026 0.025641026 0.025641026 0.025641026 0.35897437 0.025641026 0.025641026 0.025641026 0.025641026 0.025641026 0.025641026 0.025641026 0.025641026 0.025641026 0.025641026 0.025641026 0.025641026 0.025641026 0.025641026 0.025641026 0.025641026 0.025641026 0.025641026 0.025641026 5.2854023 3.9186585 
9 2 17 "2" NA 0 0 1 0 NA 0 12 0 NA NA 71 96 4 500000 NA NA 12 192 0 0.99999994 0.025641026 5.2854023 3.9186583 0.025641026 0.025641026 0.025641026 0.025641026 0.35897437 0.025641026 0.025641026 0.025641026 0.025641026 0.025641026 0.025641026 0.025641026 0.025641026 0.025641026 0.025641026 0.025641026 0.025641026 0.025641026 0.025641026 0.025641026 0.025641026 0.025641026 0.025641026 0.025641026 0.025641026 0.025641026 0.025641026 5.2854023 3.9186583 
9 2 18 "2" NA 0 0 1 0 NA 0 12 0 NA NA 72 96 4 500000 NA NA 12 204 0 1.0 0.025641026 5.2854023 3.9186585 0.025641026 0.025641026 0.025641026 0.025641026 0.025641026 0.025641026 0.35897437 0.025641026 0.025641026 0.025641026 0.025641026 0.025641026 0.025641026 0.025641026 0.025641026 0.025641026 0.025641026 0.025641026 0.025641026 0.025641026 0.025641026 0.025641026 0.025641026 0.025641026 0.025641026 0.025641026 0.025641026 5.2854023 3.9186585 
9 2 19 "2" NA 0 0 1 0 NA 0 12 0 NA NA 73 96 4 500000 NA NA 12 216 0 1.0 0.025641026 5.2854023 3.9186585 0.025641026 0.025641026 0.025641026 0.025641026 0.025641026 0.025641026 0.025641026 0.025641026 0.025641026 0.025641026 0.025641026 0.025641026 0.35897437 0.025641026 0.025641026 0.025641026 0.025641026 0.025641026 0.025641026 0.025641026 0.025641026 0.025641026 0.025641026 0.025641026 0.025641026 0.025641026 0.025641026 5.2854023 3.9186585 
9 2 20 "2" NA 0 0 1 0 NA 0 12 0 NA NA 69 96 4 500000 NA NA 12 228 0 1.0 0.025641026 5.2854023 3.9186585 0.025641026 0.025641026 0.025641026 0.025641026 0.025641026 0.025641026 0.025641026 0.025641026 0.025641026 0.025641026 0.025641026 0.025641026 0.025641026 0.35897437 0.025641026 0.025641026 0.025641026 0.025641026 0.025641026 0.025641026 0.025641026 0.025641026 0.025641026 0.025641026 0.025641026 0.025641026 0.025641026 5.2854023 3.9186585 
9 2 21 "2" NA 0 0 1 0 NA 0 12 0 NA NA 70 96 4 500000 NA NA 12 240 0 1.0 0.025641026 5.2854023 3.9186585 0.025641026 0.025641026 0.025641026 0.025641026 0.025641026 0.025641026 0.025641026 0.025641026 0.025641026 0.025641026 0.025641026 0.025641026 0.025641026 0.025641026 0.35897437 0.025641026 0.025641026 0.025641026 0.025641026 0.025641026 0.025641026 0.025641026 0.025641026 0.025641026 0.025641026 0.025641026 0.025641026 5.2854023 3.9186585 
9 2 22 "2" NA 0 0 1 0 NA 0 12 0 NA NA 74 96 4 500000 NA NA 12 252 0 1.0 0.025641026 5.2854023 3.9186585 0.025641026 0.025641026 0.025641026 0.025641026 0.025641026 0.025641026 0.025641026 0.025641026 0.025641026 0.025641026 0.35897437 0.025641026 0.025641026 0.025641026 0.025641026 0.025641026 0.025641026 0.025641026 0.025641026 0.025641026 0.025641026 0.025641026 0.025641026 0.025641026 0.025641026 0.025641026 0.025641026 5.2854023 3.9186585 
9 2 23 "2" NA 0 0 1 0 NA 0 12 0 NA NA 67 96 4 500000 NA NA 12 264 0 1.0 0.025641026 5.2854023 3.9186585 0.025641026 0.025641026 0.025641026 0.025641026 0.025641026 0.025641026 0.025641026 0.025641026 0.025641026 0.025641026 0.025641026 0.35897437 0.025641026 0.025641026 0.025641026 0.025641026 0.025641026 0.025641026 0.025641026 0.025641026 0.025641026 0.025641026 0.025641026 0.025641026 0.025641026 0.025641026 0.025641026 5.2854023 3.9186585 
9 2 24 "2" NA 0 0 1 0 NA 0 12 0 NA NA 63 96 4 500000 NA NA 12 276 0 1.0 0.025641026 5.2854023 3.9186585 0.025641026 0.025641026 0.025641026 0.025641026 0.025641026 0.35897437 0.025641026 0.025641026 0.025641026 0.025641026 0.025641026 0.025641026 0.025641026 0.025641026 0.025641026 0.025641026 0.025641026 0.025641026 0.025641026 0.025641026 0.025641026 0.025641026 0.025641026 0.025641026 0.025641026 0.025641026 0.025641026 5.2854023 3.9186585 
9 2 25 "2" NA 0 0 1 0 NA 0 12 0 NA NA 64 96 4 500000 NA NA 12 288 0 1.0 0.0234375 5.4150376 4.0052414 0.0234375 0.0234375 0.0234375 0.0234375 0.0234375 0.0234375 0.21875001 0.21875001 0.0234375 0.0234375 0.0234375 0.0234375 0.0234375 0.0234375 0.0234375 0.0234375 0.0234375 0.0234375 0.0234375 0.0234375 0.0234375 0.0234375 0.0234375 0.0234375 0.0234375 0.0234375 0.0234375 5.4150376 4.0052414 
9 2 26 "2" NA 0 0 1 0 NA 0 12 0 NA NA 65 96 4 500000 NA NA 12 300 0 1.0 0.0234375 5.4150376 4.0052414 0.0234375 0.0234375 0.0234375 0.0234375 0.0234375 0.0234375 0.0234375 0.21875001 0.0234375 0.21875001 0.0234375 0.0234375 0.0234375 0.0234375 0.0234375 0.0234375 0.0234375 0.0234375 0.0234375 0.0234375 0.0234375 0.0234375 0.0234375 0.0234375 0.0234375 0.0234375 0.0234375 5.4150376 4.0052414 
9 2 27 "2" NA 0 0 1 0 NA 0 12 0 NA NA 71 96 4 500000 NA NA 12 312 0 1.0 0.21875001 2.192645 4.0052414 0.0234375 0.0234375 0.0234375 0.0234375 0.21875001 0.0234375 0.0234375 0.0234375 0.0234375 0.0234375 0.0234375 0.0234375 0.21875001 0.0234375 0.0234375 0.0234375 0.0234375 0.0234375 0.0234375 0.0234375 0.0234375 0.0234375 0.0234375 0.0234375 0.0234375 0.0234375 0.21875001 2.192645 4.0052414 
9 2 28 "2" NA 0 0 1 0 NA 0 12 0 NA NA 73 96 4 500000 NA NA 12 324 1 1.0 0.016853932 5.890771 3.3241353 0.016853932 0.016853932 0.016853932 0.016853932 0.016853932 0.016853932 0.15730338 0.016853932 0.016853932 0.016853932 0.016853932 0.016853932 0.016853932 0.4382023 0.016853932 0.016853932 0.016853932 0.016853932 0.016853932 0.016853932 0.016853932 0.016853932 0.016853932 0.016853932 0.016853932 0.016853932 0.016853932 5.890771 3.3241353 
9 2 29 "2" NA 0 0 1 0 NA 0 12 0 NA NA 70 96 4 500000 NA NA 12 336 0 1.0 0.023437498 5.4150376 4.0052414 0.023437498 0.023437498 0.023437498 0.023437498 0.023437498 0.023437498 0.023437498 0.023437498 0.023437498 0.023437498 0.21874999 0.023437498 0.023437498 0.21874999 0.023437498 0.023437498 0.023437498 0.023437498 0.023437498 0.023437498 0.023437498 0.023437498 0.023437498 0.023437498 0.023437498 0.023437498 0.023437498 5.4150376 4.0052414 
9 2 30 "2" NA 0 0 1 0 NA 0 12 0 NA NA 72 96 4 500000 NA NA 12 348 0 1.0 0.023437498 5.4150376 4.0052414 0.023437498 0.023437498 0.023437498 0.023437498 0.023437498 0.023437498 0.023437498 0.023437498 0.023437498 0.023437498 0.21874999 0.023437498 0.023437498 0.023437498 0.023437498 0.21874999 0.023437498 0.023437498 0.023437498 0.023437498 0.023437498 0.023437498 0.023437498 0.023437498 0.023437498 0.023437498 0.023437498 5.4150376 4.0052414 
9 2 31 "2" NA 0 0 1 0 NA 0 12 0 NA NA 68 96 4 500000 NA NA 12 360 0 1.0 0.023437498 5.4150376 4.0052414 0.023437498 0.023437498 0.023437498 0.023437498 0.023437498 0.023437498 0.023437498 0.023437498 0.023437498 0.023437498 0.023437498 0.023437498 0.21874999 0.023437498 0.21874999 0.023437498 0.023437498 0.023437498 0.023437498 0.023437498 0.023437498 0.023437498 0.023437498 0.023437498 0.023437498 0.023437498 0.023437498 5.4150376 4.0052414 
9 2 32 "2" NA 0 0 1 0 NA 0 12 0 NA NA 69 96 4 500000 NA NA 12 372 0 1.0 0.025641026 5.2854023 3.9186585 0.025641026 0.025641026 0.025641026 0.025641026 0.025641026 0.025641026 0.025641026 0.025641026 0.35897437 0.025641026 0.025641026 0.025641026 0.025641026 0.025641026 0.025641026 0.025641026 0.025641026 0.025641026 0.025641026 0.025641026 0.025641026 0.025641026 0.025641026 0.025641026 0.025641026 0.025641026 0.025641026 5.2854023 3.9186585 
9 3 1 "3" NA 0 0 1 0 NA 0 0 0 NA NA 72 96 4 500000 NA NA 12 0 0 1.0 0.038461525 4.7004404 4.700439 0.038461525 0.038461525 0.038461525 0.038461525 0.038461525 0.038461525 0.038461525 0.038461525 0.038461525 0.038461525 0.038461525 0.038461525 0.038461525 0.038461525 0.038461525 0.038461525 0.038461525 0.038461525 0.038461525 0.038461525 0.038461525 0.038461525 0.038461525 0.038461525 0.038461525 0.038461525 0.038461525 4.7004404 4.700439 
9 3 2 "3" NA 0 0 1 0 NA 0 12 0 NA NA 71 96 4 500000 NA NA 12 12 0 1.0 0.038461532 4.70044 4.700439 0.038461532 0.038461532 0.038461532 0.038461532 0.038461532 0.038461532 0.038461532 0.038461532 0.038461532 0.038461532 0.038461532 0.038461532 0.038461532 0.038461532 0.038461532 0.038461532 0.038461532 0.038461532 0.038461532 0.038461532 0.038461532 0.038461532 0.038461532 0.038461532 0.038461532 0.038461532 0.038461532 4.70044 4.700439 
9 3 3 "3" NA 0 0 1 0 NA 0 12 0 NA NA 66 96 4 500000 NA NA 12 24 0 1.0 0.038461532 4.70044 4.700439 0.038461532 0.038461532 0.038461532 0.038461532 0.038461532 0.038461532 0.038461532 0.038461532 0.038461532 0.038461532 0.038461532 0.038461532 0.038461532 0.038461532 0.038461532 0.038461532 0.038461532 0.038461532 0.038461532 0.038461532 0.038461532 0.038461532 0.038461532 0.038461532 0.038461532 0.038461532 0.038461532 4.70044 4.700439 
9 3 4 "3" NA 0 0 1 0 NA 0 12 0 NA NA 65 96 4 500000 NA NA 12 36 0 1.0 0.038461532 4.70044 4.700439 0.038461532 0.038461532 0.038461532 0.038461532 0.038461532 0.038461532 0.038461532 0.038461532 0.038461532 0.038461532 0.038461532 0.038461532 0.038461532 0.038461532 0.038461532 0.038461532 0.038461532 0.038461532 0.038461532 0.038461532 0.038461532 0.038461532 0.038461532 0.038461532 0.038461532 0.038461532 0.038461532 4.70044 4.700439 
9 3 5 "3" NA 0 0 1 0 NA 0 12 0 NA NA 64 96 4 500000 NA NA 12 48 0 1.0 0.038461532 4.70044 4.700439 0.038461532 0.038461532 0.038461532 0.038461532 0.038461532 0.038461532 0.038461532 0.038461532 0.038461532 0.038461532 0.038461532 0.038461532 0.038461532 0.038461532 0.038461532 0.038461532 0.038461532 0.038461532 0.038461532 0.038461532 0.038461532 0.038461532 0.038461532 0.038461532 0.038461532 0.038461532 0.038461532 4.70044 4.700439 
9 3 6 "3" NA 0 0 1 0 NA 0 12 0 NA NA 63 96 4 500000 NA NA 12 60 0 1.0 0.038461532 4.70044 4.700439 0.038461532 0.038461532 0.038461532 0.038461532 0.038461532 0.038461532 0.038461532 0.038461532 0.038461532 0.038461532 0.038461532 0.038461532 0.038461532 0.038461532 0.038461532 0.038461532 0.038461532 0.038461532 0.038461532 0.038461532 0.038461532 0.038461532 0.038461532 0.038461532 0.038461532 0.038461532 0.038461532 4.70044 4.700439 
9 3 7 "3" NA 0 0 1 0 NA 0 12 0 NA NA 61 96 4 500000 NA NA 12 72 0 1.0 0.038461532 4.70044 4.700439 0.038461532 0.038461532 0.038461532 0.038461532 0.038461532 0.038461532 0.038461532 0.038461532 0.038461532 0.038461532 0.038461532 0.038461532 0.038461532 0.038461532 0.038461532 0.038461532 0.038461532 0.038461532 0.038461532 0.038461532 0.038461532 0.038461532 0.038461532 0.038461532 0.038461532 0.038461532 0.038461532 4.70044 4.700439 
9 3 8 "3" NA 0 0 1 0 NA 0 12 0 NA NA 70 96 4 500000 NA NA 12 84 0 1.0 0.038461532 4.70044 4.700439 0.038461532 0.038461532 0.038461532 0.038461532 0.038461532 0.038461532 0.038461532 0.038461532 0.038461532 0.038461532 0.038461532 0.038461532 0.038461532 0.038461532 0.038461532 0.038461532 0.038461532 0.038461532 0.038461532 0.038461532 0.038461532 0.038461532 0.038461532 0.038461532 0.038461532 0.038461532 0.038461532 4.70044 4.700439 
9 3 9 "3" NA 0 0 1 0 NA 0 12 0 NA NA 69 96 4 500000 NA NA 12 96 0 1.0 0.038461532 4.70044 4.700439 0.038461532 0.038461532 0.038461532 0.038461532 0.038461532 0.038461532 0.038461532 0.038461532 0.038461532 0.038461532 0.038461532 0.038461532 0.038461532 0.038461532 0.038461532 0.038461532 0.038461532 0.038461532 0.038461532 0.038461532 0.038461532 0.038461532 0.038461532 0.038461532 0.038461532 0.038461532 0.038461532 4.70044 4.700439 
9 3 10 "3" NA 0 0 1 0 NA 0 12 0 NA NA 67 96 4 500000 NA NA 12 108 0 1.0 0.038461532 4.70044 4.700439 0.038461532 0.038461532 0.038461532 0.038461532 0.038461532 0.038461532 0.038461532 0.038461532 0.038461532 0.038461532 0.038461532 0.038461532 0.038461532 0.038461532 0.038461532 0.038461532 0.038461532 0.038461532 0.038461532 0.038461532 0.038461532 0.038461532 0.038461532 0.038461532 0.038461532 0.038461532 0.038461532 4.70044 4.700439 
9 3 11 "3" NA 0 0 1 0 NA 0 12 0 NA NA 62 96 4 500000 NA NA 12 120 0 1.0 0.038461532 4.70044 4.700439 0.038461532 0.038461532 0.038461532 0.038461532 0.038461532 0.038461532 0.038461532 0.038461532 0.038461532 0.038461532 0.038461532 0.038461532 0.038461532 0.038461532 0.038461532 0.038461532 0.038461532 0.038461532 0.038461532 0.038461532 0.038461532 0.038461532 0.038461532 0.038461532 0.038461532 0.038461532 0.038461532 4.70044 4.700439 
9 3 12 "3" NA 0 0 1 0 NA 0 12 0 NA NA 68 96 4 500000 NA NA 12 132 0 1.0 0.038461532 4.70044 4.700439 0.038461532 0.038461532 0.038461532 0.038461532 0.038461532 0.038461532 0.038461532 0.038461532 0.038461532 0.038461532 0.038461532 0.038461532 0.038461532 0.038461532 0.038461532 0.038461532 0.038461532 0.038461532 0.038461532 0.038461532 0.038461532 0.038461532 0.038461532 0.038461532 0.038461532 0.038461532 0.038461532 4.70044 4.700439 
9 3 13 "3" NA 0 0 1 0 NA 0 12 0 NA NA 67 96 4 500000 NA NA 12 144 0 1.0 0.038461532 4.70044 4.700439 0.038461532 0.038461532 0.038461532 0.038461532 0.038461532 0.038461532 0.038461532 0.038461532 0.038461532 0.038461532 0.038461532 0.038461532 0.038461532 0.038461532 0.038461532 0.038461532 0.038461532 0.038461532 0.038461532 0.038461532 0.038461532 0.038461532 0.038461532 0.038461532 0.038461532 0.038461532 0.038461532 4.70044 4.700439 
9 3 14 "3" NA 0 0 1 0 NA 0 12 0 NA NA 69 96 4 500000 NA NA 12 156 0 0.99999994 0.025641026 5.2854023 3.9186583 0.025641026 0.025641026 0.025641026 0.35897437 0.025641026 0.025641026 0.025641026 0.025641026 0.025641026 0.025641026 0.025641026 0.025641026 0.025641026 0.025641026 0.025641026 0.025641026 0.025641026 0.025641026 0.025641026 0.025641026 0.025641026 0.025641026 0.025641026 0.025641026 0.025641026 0.025641026 0.025641026 5.2854023 3.9186583 
9 3 15 "3" NA 0 0 1 0 NA 0 12 0 NA NA 70 96 4 500000 NA NA 12 168 0 1.0 0.025641026 5.2854023 3.9186585 0.025641026 0.025641026 0.025641026 0.025641026 0.025641026 0.025641026 0.025641026 0.025641026 0.35897437 0.025641026 0.025641026 0.025641026 0.025641026 0.025641026 0.025641026 0.025641026 0.025641026 0.025641026 0.025641026 0.025641026 0.025641026 0.025641026 0.025641026 0.025641026 0.025641026 0.025641026 0.025641026 5.2854023 3.9186585 
9 3 16 "3" NA 0 0 1 0 NA 0 12 0 NA NA 61 96 4 500000 NA NA 12 180 0 1.0 0.025641026 5.2854023 3.9186585 0.025641026 0.025641026 0.025641026 0.025641026 0.025641026 0.025641026 0.025641026 0.025641026 0.025641026 0.025641026 0.35897437 0.025641026 0.025641026 0.025641026 0.025641026 0.025641026 0.025641026 0.025641026 0.025641026 0.025641026 0.025641026 0.025641026 0.025641026 0.025641026 0.025641026 0.025641026 0.025641026 5.2854023 3.9186585 
9 3 17 "3" NA 0 0 1 0 NA 0 12 0 NA NA 63 96 4 500000 NA NA 12 192 0 1.0 0.025641026 5.2854023 3.9186585 0.025641026 0.025641026 0.025641026 0.025641026 0.025641026 0.025641026 0.025641026 0.025641026 0.025641026 0.025641026 0.025641026 0.35897437 0.025641026 0.025641026 0.025641026 0.025641026 0.025641026 0.025641026 0.025641026 0.025641026 0.025641026 0.025641026 0.025641026 0.025641026 0.025641026 0.025641026 0.025641026 5.2854023 3.9186585 
9 3 18 "3" NA 0 0 1 0 NA 0 12 0 NA NA 64 96 4 500000 NA NA 12 204 0 0.99999994 0.025641026 5.2854023 3.9186583 0.025641026 0.025641026 0.35897437 0.025641026 0.025641026 0.025641026 0.025641026 0.025641026 0.025641026 0.025641026 0.025641026 0.025641026 0.025641026 0.025641026 0.025641026 0.025641026 0.025641026 0.025641026 0.025641026 0.025641026 0.025641026 0.025641026 0.025641026 0.025641026 0.025641026 0.025641026 0.025641026 5.2854023 3.9186583 
9 3 19 "3" NA 0 0 1 0 NA 0 12 0 NA NA 65 96 4 500000 NA NA 12 216 0 0.99999994 0.025641026 5.2854023 3.9186583 0.025641026 0.025641026 0.025641026 0.025641026 0.35897437 0.025641026 0.025641026 0.025641026 0.025641026 0.025641026 0.025641026 0.025641026 0.025641026 0.025641026 0.025641026 0.025641026 0.025641026 0.025641026 0.025641026 0.025641026 0.025641026 0.025641026 0.025641026 0.025641026 0.025641026 0.025641026 0.025641026 5.2854023 3.9186583 
9 3 20 "3" NA 0 0 1 0 NA 0 12 0 NA NA 66 96 4 500000 NA NA 12 228 0 1.0 0.025641026 5.2854023 3.9186585 0.025641026 0.025641026 0.025641026 0.025641026 0.025641026 0.35897437 0.025641026 0.025641026 0.025641026 0.025641026 0.025641026 0.025641026 0.025641026 0.025641026 0.025641026 0.025641026 0.025641026 0.025641026 0.025641026 0.025641026 0.025641026 0.025641026 0.025641026 0.025641026 0.025641026 0.025641026 0.025641026 5.2854023 3.9186585 
9 3 21 "3" NA 0 0 1 0 NA 0 12 0 NA NA 71 96 4 500000 NA NA 12 240 0 1.0 0.025641026 5.2854023 3.9186585 0.025641026 0.025641026 0.025641026 0.025641026 0.025641026 0.025641026 0.35897437 0.025641026 0.025641026 0.025641026 0.025641026 0.025641026 0.025641026 0.025641026 0.025641026 0.025641026 0.025641026 0.025641026 0.025641026 0.025641026 0.025641026 0.025641026 0.025641026 0.025641026 0.025641026 0.025641026 0.025641026 5.2854023 3.9186585 
9 3 22 "3" NA 0 0 1 0 NA 0 12 0 NA NA 72 96 4 500000 NA NA 12 252 0 1.0 0.025641026 5.2854023 3.9186585 0.025641026 0.025641026 0.025641026 0.025641026 0.025641026 0.025641026 0.025641026 0.35897437 0.025641026 0.025641026 0.025641026 0.025641026 0.025641026 0.025641026 0.025641026 0.025641026 0.025641026 0.025641026 0.025641026 0.025641026 0.025641026 0.025641026 0.025641026 0.025641026 0.025641026 0.025641026 0.025641026 5.2854023 3.9186585 
9 3 23 "3" NA 0 0 1 0 NA 0 12 0 NA NA 66 96 4 500000 NA NA 12 264 0 1.0 0.025641026 5.2854023 3.9186585 0.025641026 0.025641026 0.025641026 0.025641026 0.025641026 0.025641026 0.025641026 0.025641026 0.025641026 0.025641026 0.025641026 0.025641026 0.35897437 0.025641026 0.025641026 0.025641026 0.025641026 0.025641026 0.025641026 0.025641026 0.025641026 0.025641026 0.025641026 0.025641026 0.025641026 0.025641026 0.025641026 5.2854023 3.9186585 
9 3 24 "3" NA 0 0 1 0 NA 0 12 0 NA NA 67 96 4 500000 NA NA 12 276 0 1.0 0.023437498 5.4150376 4.0052414 0.023437498 0.023437498 0.023437498 0.023437498 0.023437498 0.023437498 0.21874999 0.023437498 0.023437498 0.023437498 0.023437498 0.023437498 0.21874999 0.023437498 0.023437498 0.023437498 0.023437498 0.023437498 0.023437498 0.023437498 0.023437498 0.023437498 0.023437498 0.023437498 0.023437498 0.023437498 0.023437498 5.4150376 4.0052414 
9 3 25 "3" NA 0 0 1 0 NA 0 12 0 NA NA 68 96 4 500000 NA NA 12 288 0 1.0 0.0234375 5.4150376 4.0052414 0.0234375 0.0234375 0.0234375 0.21875001 0.0234375 0.0234375 0.0234375 0.0234375 0.0234375 0.0234375 0.21875001 0.0234375 0.0234375 0.0234375 0.0234375 0.0234375 0.0234375 0.0234375 0.0234375 0.0234375 0.0234375 0.0234375 0.0234375 0.0234375 0.0234375 0.0234375 0.0234375 5.4150376 4.0052414 
9 3 26 "3" NA 0 0 1 0 NA 0 12 0 NA NA 69 96 4 500000 NA NA 12 300 0 1.0 0.025641026 5.2854023 3.9186585 0.025641026 0.025641026 0.025641026 0.025641026 0.025641026 0.025641026 0.025641026 0.025641026 0.35897437 0.025641026 0.025641026 0.025641026 0.025641026 0.025641026 0.025641026 0.025641026 0.025641026 0.025641026 0.025641026 0.025641026 0.025641026 0.025641026 0.025641026 0.025641026 0.025641026 0.025641026 0.025641026 5.2854023 3.9186585 
9 3 27 "3" NA 0 0 1 0 NA 0 12 0 NA NA 71 96 4 500000 NA NA 12 312 0 1.0 0.0234375 5.4150376 4.0052414 0.0234375 0.0234375 0.0234375 0.0234375 0.0234375 0.0234375 0.0234375 0.0234375 0.21875001 0.0234375 0.0234375 0.21875001 0.0234375 0.0234375 0.0234375 0.0234375 0.0234375 0.0234375 0.0234375 0.0234375 0.0234375 0.0234375 0.0234375 0.0234375 0.0234375 0.0234375 0.0234375 5.4150376 4.0052414 
9 3 28 "3" NA 0 0 1 0 NA 0 12 0 NA NA 62 96 4 500000 NA NA 12 324 0 1.0 0.0234375 5.4150376 4.0052414 0.0234375 0.0234375 0.0234375 0.0234375 0.0234375 0.0234375 0.0234375 0.21875001 0.0234375 0.0234375 0.0234375 0.0234375 0.0234375 0.21875001 0.0234375 0.0234375 0.0234375 0.0234375 0.0234375 0.0234375 0.0234375 0.0234375 0.0234375 0.0234375 0.0234375 0.0234375 0.0234375 5.4150376 4.0052414 
9 3 29 "3" NA 0 0 1 0 NA 0 12 0 NA NA 63 96 4 500000 NA NA 12 336 0 1.0 0.025641026 5.2854023 3.9186585 0.025641026 0.025641026 0.025641026 0.025641026 0.025641026 0.025641026 0.025641026 0.025641026 0.025641026 0.35897437 0.025641026 0.025641026 0.025641026 0.025641026 0.025641026 0.025641026 0.025641026 0.025641026 0.025641026 0.025641026 0.025641026 0.025641026 0.025641026 0.025641026 0.025641026 0.025641026 0.025641026 5.2854023 3.9186585 
9 3 30 "3" NA 0 0 1 0 NA 0 12 0 NA NA 65 96 4 500000 NA NA 12 348 0 1.0 0.0234375 5.4150376 4.0052414 0.0234375 0.0234375 0.21875001 0.0234375 0.0234375 0.21875001 0.0234375 0.0234375 0.0234375 0.0234375 0.0234375 0.0234375 0.0234375 0.0234375 0.0234375 0.0234375 0.0234375 0.0234375 0.0234375 0.0234375 0.0234375 0.0234375 0.0234375 0.0234375 0.0234375 0.0234375 0.0234375 5.4150376 4.0052414 
9 3 31 "3" NA 0 0 1 0 NA 0 12 0 NA NA 70 96 4 500000 NA NA 12 360 0 1.0 0.0234375 5.4150376 4.0052414 0.0234375 0.0234375 0.0234375 0.0234375 0.0234375 0.21875001 0.0234375 0.21875001 0.0234375 0.0234375 0.0234375 0.0234375 0.0234375 0.0234375 0.0234375 0.0234375 0.0234375 0.0234375 0.0234375 0.0234375 0.0234375 0.0234375 0.0234375 0.0234375 0.0234375 0.0234375 0.0234375 5.4150376 4.0052414 
9 3 32 "3" NA 0 0 1 0 NA 0 12 0 NA NA 64 96 4 500000 NA NA 12 372 0 1.0 0.0234375 5.4150376 4.0052414 0.0234375 0.0234375 0.21875001 0.0234375 0.0234375 0.0234375 0.0234375 0.0234375 0.0234375 0.0234375 0.21875001 0.0234375 0.0234375 0.0234375 0.0234375 0.0234375 0.0234375 0.0234375 0.0234375 0.0234375 0.0234375 0.0234375 0.0234375 0.0234375 0.0234375 0.0234375 0.0234375 5.4150376 4.0052414 
9 4 1 "4" NA 0 0 1 0 NA 0 0 0 NA NA 65 96 4 500000 NA NA 12 0 0 1.0 0.038461525 4.7004404 4.700439 0.038461525 0.038461525 0.038461525 0.038461525 0.038461525 0.038461525 0.038461525 0.038461525 0.038461525 0.038461525 0.038461525 0.038461525 0.038461525 0.038461525 0.038461525 0.038461525 0.038461525 0.038461525 0.038461525 0.038461525 0.038461525 0.038461525 0.038461525 0.038461525 0.038461525 0.038461525 0.038461525 4.7004404 4.700439 
9 4 2 "4" NA 0 0 1 0 NA 0 12 0 NA NA 62 96 4 500000 NA NA 12 12 0 1.0 0.038461532 4.70044 4.700439 0.038461532 0.038461532 0.038461532 0.038461532 0.038461532 0.038461532 0.038461532 0.038461532 0.038461532 0.038461532 0.038461532 0.038461532 0.038461532 0.038461532 0.038461532 0.038461532 0.038461532 0.038461532 0.038461532 0.038461532 0.038461532 0.038461532 0.038461532 0.038461532 0.038461532 0.038461532 0.038461532 4.70044 4.700439 
9 4 3 "4" NA 0 0 1 0 NA 0 12 0 NA NA 61 96 4 500000 NA NA 12 24 0 1.0 0.038461532 4.70044 4.700439 0.038461532 0.038461532 0.038461532 0.038461532 0.038461532 0.038461532 0.038461532 0.038461532 0.038461532 0.038461532 0.038461532 0.038461532 0.038461532 0.038461532 0.038461532 0.038461532 0.038461532 0.038461532 0.038461532 0.038461532 0.038461532 0.038461532 0.038461532 0.038461532 0.038461532 0.038461532 0.038461532 4.70044 4.700439 
9 4 4 "4" NA 0 0 1 0 NA 0 12 0 NA NA 67 96 4 500000 NA NA 12 36 0 1.0 0.038461532 4.70044 4.700439 0.038461532 0.038461532 0.038461532 0.038461532 0.038461532 0.038461532 0.038461532 0.038461532 0.038461532 0.038461532 0.038461532 0.038461532 0.038461532 0.038461532 0.038461532 0.038461532 0.038461532 0.038461532 0.038461532 0.038461532 0.038461532 0.038461532 0.038461532 0.038461532 0.038461532 0.038461532 0.038461532 4.70044 4.700439 
9 4 5 "4" NA 0 0 1 0 NA 0 12 0 NA NA 70 96 4 500000 NA NA 12 48 0 1.0 0.038461532 4.70044 4.700439 0.038461532 0.038461532 0.038461532 0.038461532 0.038461532 0.038461532 0.038461532 0.038461532 0.038461532 0.038461532 0.038461532 0.038461532 0.038461532 0.038461532 0.038461532 0.038461532 0.038461532 0.038461532 0.038461532 0.038461532 0.038461532 0.038461532 0.038461532 0.038461532 0.038461532 0.038461532 0.038461532 4.70044 4.700439 
9 4 6 "4" NA 0 0 1 0 NA 0 12 0 NA NA 63 96 4 500000 NA NA 12 60 0 1.0 0.038461532 4.70044 4.700439 0.038461532 0.038461532 0.038461532 0.038461532 0.038461532 0.038461532 0.038461532 0.038461532 0.038461532 0.038461532 0.038461532 0.038461532 0.038461532 0.038461532 0.038461532 0.038461532 0.038461532 0.038461532 0.038461532 0.038461532 0.038461532 0.038461532 0.038461532 0.038461532 0.038461532 0.038461532 0.038461532 4.70044 4.700439 
9 4 7 "4" NA 0 0 1 0 NA 0 12 0 NA NA 64 96 4 500000 NA NA 12 72 0 1.0 0.038461532 4.70044 4.700439 0.038461532 0.038461532 0.038461532 0.038461532 0.038461532 0.038461532 0.038461532 0.038461532 0.038461532 0.038461532 0.038461532 0.038461532 0.038461532 0.038461532 0.038461532 0.038461532 0.038461532 0.038461532 0.038461532 0.038461532 0.038461532 0.038461532 0.038461532 0.038461532 0.038461532 0.038461532 0.038461532 4.70044 4.700439 
9 4 8 "4" NA 0 0 1 0 NA 0 12 0 NA NA 69 96 4 500000 NA NA 12 84 0 1.0 0.038461532 4.70044 4.700439 0.038461532 0.038461532 0.038461532 0.038461532 0.038461532 0.038461532 0.038461532 0.038461532 0.038461532 0.038461532 0.038461532 0.038461532 0.038461532 0.038461532 0.038461532 0.038461532 0.038461532 0.038461532 0.038461532 0.038461532 0.038461532 0.038461532 0.038461532 0.038461532 0.038461532 0.038461532 0.038461532 4.70044 4.700439 
9 4 9 "4" NA 0 0 1 0 NA 0 12 0 NA NA 68 96 4 500000 NA NA 12 96 0 1.0 0.038461532 4.70044 4.700439 0.038461532 0.038461532 0.038461532 0.038461532 0.038461532 0.038461532 0.038461532 0.038461532 0.038461532 0.038461532 0.038461532 0.038461532 0.038461532 0.038461532 0.038461532 0.038461532 0.038461532 0.038461532 0.038461532 0.038461532 0.038461532 0.038461532 0.038461532 0.038461532 0.038461532 0.038461532 0.038461532 4.70044 4.700439 
9 4 10 "4" NA 0 0 1 0 NA 0 12 0 NA NA 59 96 4 500000 NA NA 12 108 0 1.0 0.038461532 4.70044 4.700439 0.038461532 0.038461532 0.038461532 0.038461532 0.038461532 0.038461532 0.038461532 0.038461532 0.038461532 0.038461532 0.038461532 0.038461532 0.038461532 0.038461532 0.038461532 0.038461532 0.038461532 0.038461532 0.038461532 0.038461532 0.038461532 0.038461532 0.038461532 0.038461532 0.038461532 0.038461532 0.038461532 4.70044 4.700439 
9 4 11 "4" NA 0 0 1 0 NA 0 12 0 NA NA 66 96 4 500000 NA NA 12 120 0 1.0 0.038461532 4.70044 4.700439 0.038461532 0.038461532 0.038461532 0.038461532 0.038461532 0.038461532 0.038461532 0.038461532 0.038461532 0.038461532 0.038461532 0.038461532 0.038461532 0.038461532 0.038461532 0.038461532 0.038461532 0.038461532 0.038461532 0.038461532 0.038461532 0.038461532 0.038461532 0.038461532 0.038461532 0.038461532 0.038461532 4.70044 4.700439 
9 4 12 "4" NA 0 0 1 0 NA 0 12 0 NA NA 60 96 4 500000 NA NA 12 132 0 1.0 0.038461532 4.70044 4.700439 0.038461532 0.038461532 0.038461532 0.038461532 0.038461532 0.038461532 0.038461532 0.038461532 0.038461532 0.038461532 0.038461532 0.038461532 0.038461532 0.038461532 0.038461532 0.038461532 0.038461532 0.038461532 0.038461532 0.038461532 0.038461532 0.038461532 0.038461532 0.038461532 0.038461532 0.038461532 0.038461532 4.70044 4.700439 
9 4 13 "4" NA 0 0 1 0 NA 0 12 0 NA NA 59 96 4 500000 NA NA 12 144 0 1.0 0.038461532 4.70044 4.700439 0.038461532 0.038461532 0.038461532 0.038461532 0.038461532 0.038461532 0.038461532 0.038461532 0.038461532 0.038461532 0.038461532 0.038461532 0.038461532 0.038461532 0.038461532 0.038461532 0.038461532 0.038461532 0.038461532 0.038461532 0.038461532 0.038461532 0.038461532 0.038461532 0.038461532 0.038461532 0.038461532 4.70044 4.700439 
9 4 14 "4" NA 0 0 1 0 NA 0 12 0 NA NA 68 96 4 500000 NA NA 12 156 0 1.0 0.025641026 5.2854023 3.9186585 0.025641026 0.025641026 0.025641026 0.025641026 0.025641026 0.025641026 0.025641026 0.35897437 0.025641026 0.025641026 0.025641026 0.025641026 0.025641026 0.025641026 0.025641026 0.025641026 0.025641026 0.025641026 0.025641026 0.025641026 0.025641026 0.025641026 0.025641026 0.025641026 0.025641026 0.025641026 0.025641026 5.2854023 3.9186585 
9 4 15 "4" NA 0 0 1 0 NA 0 12 0 NA NA 69 96 4 500000 NA NA 12 168 0 0.99999994 0.025641026 5.2854023 3.9186583 0.35897437 0.025641026 0.025641026 0.025641026 0.025641026 0.025641026 0.025641026 0.025641026 0.025641026 0.025641026 0.025641026 0.025641026 0.025641026 0.025641026 0.025641026 0.025641026 0.025641026 0.025641026 0.025641026 0.025641026 0.025641026 0.025641026 0.025641026 0.025641026 0.025641026 0.025641026 0.025641026 5.2854023 3.9186583 
9 4 16 "4" NA 0 0 1 0 NA 0 12 0 NA NA 64 96 4 500000 NA NA 12 180 0 1.0 0.025641026 5.2854023 3.9186585 0.025641026 0.025641026 0.025641026 0.025641026 0.025641026 0.025641026 0.025641026 0.025641026 0.025641026 0.35897437 0.025641026 0.025641026 0.025641026 0.025641026 0.025641026 0.025641026 0.025641026 0.025641026 0.025641026 0.025641026 0.025641026 0.025641026 0.025641026 0.025641026 0.025641026 0.025641026 0.025641026 5.2854023 3.9186585 
9 4 17 "4" NA 0 0 1 0 NA 0 12 0 NA NA 63 96 4 500000 NA NA 12 192 0 1.0 0.025641026 5.2854023 3.9186585 0.025641026 0.025641026 0.025641026 0.025641026 0.025641026 0.025641026 0.025641026 0.025641026 0.025641026 0.025641026 0.35897437 0.025641026 0.025641026 0.025641026 0.025641026 0.025641026 0.025641026 0.025641026 0.025641026 0.025641026 0.025641026 0.025641026 0.025641026 0.025641026 0.025641026 0.025641026 0.025641026 5.2854023 3.9186585 
9 4 18 "4" NA 0 0 1 0 NA 0 12 0 NA NA 70 96 4 500000 NA NA 12 204 0 1.0 0.025641026 5.2854023 3.9186585 0.025641026 0.025641026 0.025641026 0.025641026 0.025641026 0.35897437 0.025641026 0.025641026 0.025641026 0.025641026 0.025641026 0.025641026 0.025641026 0.025641026 0.025641026 0.025641026 0.025641026 0.025641026 0.025641026 0.025641026 0.025641026 0.025641026 0.025641026 0.025641026 0.025641026 0.025641026 0.025641026 5.2854023 3.9186585 
9 4 19 "4" NA 0 0 1 0 NA 0 12 0 NA NA 67 96 4 500000 NA NA 12 216 0 0.99999994 0.025641026 5.2854023 3.9186583 0.025641026 0.025641026 0.025641026 0.025641026 0.35897437 0.025641026 0.025641026 0.025641026 0.025641026 0.025641026 0.025641026 0.025641026 0.025641026 0.025641026 0.025641026 0.025641026 0.025641026 0.025641026 0.025641026 0.025641026 0.025641026 0.025641026 0.025641026 0.025641026 0.025641026 0.025641026 0.025641026 5.2854023 3.9186583 
9 4 20 "4" NA 0 0 1 0 NA 0 12 0 NA NA 61 96 4 500000 NA NA 12 228 0 1.0 0.025641026 5.2854023 3.9186585 0.025641026 0.025641026 0.025641026 0.025641026 0.025641026 0.025641026 0.025641026 0.025641026 0.025641026 0.025641026 0.025641026 0.35897437 0.025641026 0.025641026 0.025641026 0.025641026 0.025641026 0.025641026 0.025641026 0.025641026 0.025641026 0.025641026 0.025641026 0.025641026 0.025641026 0.025641026 0.025641026 5.2854023 3.9186585 
9 4 21 "4" NA 0 0 1 0 NA 0 12 0 NA NA 62 96 4 500000 NA NA 12 240 0 1.0 0.025641026 5.2854023 3.9186585 0.025641026 0.025641026 0.025641026 0.025641026 0.025641026 0.025641026 0.025641026 0.025641026 0.35897437 0.025641026 0.025641026 0.025641026 0.025641026 0.025641026 0.025641026 0.025641026 0.025641026 0.025641026 0.025641026 0.025641026 0.025641026 0.025641026 0.025641026 0.025641026 0.025641026 0.025641026 0.025641026 5.2854023 3.9186585 
9 4 22 "4" NA 0 0 1 0 NA 0 12 0 NA NA 65 96 4 500000 NA NA 12 252 0 0.99999994 0.025641026 5.2854023 3.9186583 0.025641026 0.025641026 0.35897437 0.025641026 0.025641026 0.025641026 0.025641026 0.025641026 0.025641026 0.025641026 0.025641026 0.025641026 0.025641026 0.025641026 0.025641026 0.025641026 0.025641026 0.025641026 0.025641026 0.025641026 0.025641026 0.025641026 0.025641026 0.025641026 0.025641026 0.025641026 0.025641026 5.2854023 3.9186583 
9 4 23 "4" NA 0 0 1 0 NA 0 12 0 NA NA 69 96 4 500000 NA NA 12 264 0 0.99999994 0.025641026 5.2854023 3.9186583 0.025641026 0.025641026 0.025641026 0.35897437 0.025641026 0.025641026 0.025641026 0.025641026 0.025641026 0.025641026 0.025641026 0.025641026 0.025641026 0.025641026 0.025641026 0.025641026 0.025641026 0.025641026 0.025641026 0.025641026 0.025641026 0.025641026 0.025641026 0.025641026 0.025641026 0.025641026 0.025641026 5.2854023 3.9186583 
9 4 24 "4" NA 0 0 1 0 NA 0 12 0 NA NA 75 96 4 500000 NA NA 12 276 0 1.0 0.0234375 5.4150376 4.0052414 0.0234375 0.0234375 0.0234375 0.0234375 0.0234375 0.21875001 0.0234375 0.0234375 0.0234375 0.21875001 0.0234375 0.0234375 0.0234375 0.0234375 0.0234375 0.0234375 0.0234375 0.0234375 0.0234375 0.0234375 0.0234375 0.0234375 0.0234375 0.0234375 0.0234375 0.0234375 0.0234375 5.4150376 4.0052414 
9 4 25 "4" NA 0 0 1 0 NA 0 12 0 NA NA 74 96 4 500000 NA NA 12 288 0 1.0 0.038461532 4.70044 4.700439 0.038461532 0.038461532 0.038461532 0.038461532 0.038461532 0.038461532 0.038461532 0.038461532 0.038461532 0.038461532 0.038461532 0.038461532 0.038461532 0.038461532 0.038461532 0.038461532 0.038461532 0.038461532 0.038461532 0.038461532 0.038461532 0.038461532 0.038461532 0.038461532 0.038461532 0.038461532 0.038461532 4.70044 4.700439 
9 4 26 "4" NA 0 0 1 0 NA 0 12 0 NA NA 67 96 4 500000 NA NA 12 300 0 1.0 0.038461532 4.70044 4.700439 0.038461532 0.038461532 0.038461532 0.038461532 0.038461532 0.038461532 0.038461532 0.038461532 0.038461532 0.038461532 0.038461532 0.038461532 0.038461532 0.038461532 0.038461532 0.038461532 0.038461532 0.038461532 0.038461532 0.038461532 0.038461532 0.038461532 0.038461532 0.038461532 0.038461532 0.038461532 0.038461532 4.70044 4.700439 
9 4 27 "4" NA 0 0 1 0 NA 0 12 0 NA NA 66 96 4 500000 NA NA 12 312 0 1.0 0.0234375 5.4150376 4.0052414 0.0234375 0.0234375 0.21875001 0.0234375 0.0234375 0.0234375 0.0234375 0.0234375 0.0234375 0.0234375 0.0234375 0.21875001 0.0234375 0.0234375 0.0234375 0.0234375 0.0234375 0.0234375 0.0234375 0.0234375 0.0234375 0.0234375 0.0234375 0.0234375 0.0234375 0.0234375 0.0234375 5.4150376 4.0052414 
9 4 28 "4" NA 0 0 1 0 NA 0 12 0 NA NA 73 96 4 500000 NA NA 12 324 0 0.99999994 0.025641026 5.2854023 3.9186583 0.025641026 0.35897437 0.025641026 0.025641026 0.025641026 0.025641026 0.025641026 0.025641026 0.025641026 0.025641026 0.025641026 0.025641026 0.025641026 0.025641026 0.025641026 0.025641026 0.025641026 0.025641026 0.025641026 0.025641026 0.025641026 0.025641026 0.025641026 0.025641026 0.025641026 0.025641026 0.025641026 5.2854023 3.9186583 
9 4 29 "4" NA 0 0 1 0 NA 0 12 0 NA NA 74 96 4 500000 NA NA 12 336 0 1.0 0.038461532 4.70044 4.700439 0.038461532 0.038461532 0.038461532 0.038461532 0.038461532 0.038461532 0.038461532 0.038461532 0.038461532 0.038461532 0.038461532 0.038461532 0.038461532 0.038461532 0.038461532 0.038461532 0.038461532 0.038461532 0.038461532 0.038461532 0.038461532 0.038461532 0.038461532 0.038461532 0.038461532 0.038461532 0.038461532 4.70044 4.700439 
9 4 30 "4" NA 0 0 1 0 NA 0 12 0 NA NA 71 96 4 500000 NA NA 12 348 0 1.0 0.025641026 5.2854023 3.9186585 0.025641026 0.025641026 0.025641026 0.025641026 0.025641026 0.025641026 0.025641026 0.025641026 0.35897437 0.025641026 0.025641026 0.025641026 0.025641026 0.025641026 0.025641026 0.025641026 0.025641026 0.025641026 0.025641026 0.025641026 0.025641026 0.025641026 0.025641026 0.025641026 0.025641026 0.025641026 0.025641026 5.2854023 3.9186585 
9 4 31 "4" NA 0 0 1 0 NA 0 12 0 NA NA 76 96 4 500000 NA NA 12 360 0 1.0 0.038461532 4.70044 4.700439 0.038461532 0.038461532 0.038461532 0.038461532 0.038461532 0.038461532 0.038461532 0.038461532 0.038461532 0.038461532 0.038461532 0.038461532 0.038461532 0.038461532 0.038461532 0.038461532 0.038461532 0.038461532 0.038461532 0.038461532 0.038461532 0.038461532 0.038461532 0.038461532 0.038461532 0.038461532 0.038461532 4.70044 4.700439 
9 4 32 "4" NA 0 0 1 0 NA 0 12 0 NA NA 72 96 4 500000 NA NA 12 372 0 1.0 0.038461532 4.70044 4.700439 0.038461532 0.038461532 0.038461532 0.038461532 0.038461532 0.038461532 0.038461532 0.038461532 0.038461532 0.038461532 0.038461532 0.038461532 0.038461532 0.038461532 0.038461532 0.038461532 0.038461532 0.038461532 0.038461532 0.038461532 0.038461532 0.038461532 0.038461532 0.038461532 0.038461532 0.038461532 0.038461532 4.70044 4.700439 
9 5 1 "5" NA 0 0 1 0 NA 0 0 0 NA NA 73 96 4 500000 NA NA 12 0 0 1.0 0.038461525 4.7004404 4.700439 0.038461525 0.038461525 0.038461525 0.038461525 0.038461525 0.038461525 0.038461525 0.038461525 0.038461525 0.038461525 0.038461525 0.038461525 0.038461525 0.038461525 0.038461525 0.038461525 0.038461525 0.038461525 0.038461525 0.038461525 0.038461525 0.038461525 0.038461525 0.038461525 0.038461525 0.038461525 0.038461525 4.7004404 4.700439 
9 5 2 "5" NA 0 0 1 0 NA 0 12 0 NA NA 79 96 4 500000 NA NA 12 12 0 1.0 0.038461532 4.70044 4.700439 0.038461532 0.038461532 0.038461532 0.038461532 0.038461532 0.038461532 0.038461532 0.038461532 0.038461532 0.038461532 0.038461532 0.038461532 0.038461532 0.038461532 0.038461532 0.038461532 0.038461532 0.038461532 0.038461532 0.038461532 0.038461532 0.038461532 0.038461532 0.038461532 0.038461532 0.038461532 0.038461532 4.70044 4.700439 
9 5 3 "5" NA 0 0 1 0 NA 0 12 0 NA NA 77 96 4 500000 NA NA 12 24 0 1.0 0.038461532 4.70044 4.700439 0.038461532 0.038461532 0.038461532 0.038461532 0.038461532 0.038461532 0.038461532 0.038461532 0.038461532 0.038461532 0.038461532 0.038461532 0.038461532 0.038461532 0.038461532 0.038461532 0.038461532 0.038461532 0.038461532 0.038461532 0.038461532 0.038461532 0.038461532 0.038461532 0.038461532 0.038461532 0.038461532 4.70044 4.700439 
9 5 4 "5" NA 0 0 1 0 NA 0 12 0 NA NA 80 96 4 500000 NA NA 12 36 0 1.0 0.038461532 4.70044 4.700439 0.038461532 0.038461532 0.038461532 0.038461532 0.038461532 0.038461532 0.038461532 0.038461532 0.038461532 0.038461532 0.038461532 0.038461532 0.038461532 0.038461532 0.038461532 0.038461532 0.038461532 0.038461532 0.038461532 0.038461532 0.038461532 0.038461532 0.038461532 0.038461532 0.038461532 0.038461532 0.038461532 4.70044 4.700439 
9 5 5 "5" NA 0 0 1 0 NA 0 12 0 NA NA 78 96 4 500000 NA NA 12 48 0 1.0 0.038461532 4.70044 4.700439 0.038461532 0.038461532 0.038461532 0.038461532 0.038461532 0.038461532 0.038461532 0.038461532 0.038461532 0.038461532 0.038461532 0.038461532 0.038461532 0.038461532 0.038461532 0.038461532 0.038461532 0.038461532 0.038461532 0.038461532 0.038461532 0.038461532 0.038461532 0.038461532 0.038461532 0.038461532 0.038461532 4.70044 4.700439 
9 5 6 "5" NA 0 0 1 0 NA 0 12 0 NA NA 74 96 4 500000 NA NA 12 60 0 1.0 0.038461532 4.70044 4.700439 0.038461532 0.038461532 0.038461532 0.038461532 0.038461532 0.038461532 0.038461532 0.038461532 0.038461532 0.038461532 0.038461532 0.038461532 0.038461532 0.038461532 0.038461532 0.038461532 0.038461532 0.038461532 0.038461532 0.038461532 0.038461532 0.038461532 0.038461532 0.038461532 0.038461532 0.038461532 0.038461532 4.70044 4.700439 
9 5 7 "5" NA 0 0 1 0 NA 0 12 0 NA NA 81 96 4 500000 NA NA 12 72 0 1.0 0.038461532 4.70044 4.700439 0.038461532 0.038461532 0.038461532 0.038461532 0.038461532 0.038461532 0.038461532 0.038461532 0.038461532 0.038461532 0.038461532 0.038461532 0.038461532 0.038461532 0.038461532 0.038461532 0.038461532 0.038461532 0.038461532 0.038461532 0.038461532 0.038461532 0.038461532 0.038461532 0.038461532 0.038461532 0.038461532 4.70044 4.700439 
9 5 8 "5" NA 0 0 1 0 NA 0 12 0 NA NA 82 96 4 500000 NA NA 12 84 0 1.0 0.038461532 4.70044 4.700439 0.038461532 0.038461532 0.038461532 0.038461532 0.038461532 0.038461532 0.038461532 0.038461532 0.038461532 0.038461532 0.038461532 0.038461532 0.038461532 0.038461532 0.038461532 0.038461532 0.038461532 0.038461532 0.038461532 0.038461532 0.038461532 0.038461532 0.038461532 0.038461532 0.038461532 0.038461532 0.038461532 4.70044 4.700439 
9 5 9 "5" NA 0 0 1 0 NA 0 12 0 NA NA 76 96 4 500000 NA NA 12 96 0 1.0 0.038461532 4.70044 4.700439 0.038461532 0.038461532 0.038461532 0.038461532 0.038461532 0.038461532 0.038461532 0.038461532 0.038461532 0.038461532 0.038461532 0.038461532 0.038461532 0.038461532 0.038461532 0.038461532 0.038461532 0.038461532 0.038461532 0.038461532 0.038461532 0.038461532 0.038461532 0.038461532 0.038461532 0.038461532 0.038461532 4.70044 4.700439 
9 5 10 "5" NA 0 0 1 0 NA 0 12 0 NA NA 75 96 4 500000 NA NA 12 108 0 1.0 0.038461532 4.70044 4.700439 0.038461532 0.038461532 0.038461532 0.038461532 0.038461532 0.038461532 0.038461532 0.038461532 0.038461532 0.038461532 0.038461532 0.038461532 0.038461532 0.038461532 0.038461532 0.038461532 0.038461532 0.038461532 0.038461532 0.038461532 0.038461532 0.038461532 0.038461532 0.038461532 0.038461532 0.038461532 0.038461532 4.70044 4.700439 
9 5 11 "5" NA 0 0 1 0 NA 0 12 0 NA NA 72 96 4 500000 NA NA 12 120 0 1.0 0.038461532 4.70044 4.700439 0.038461532 0.038461532 0.038461532 0.038461532 0.038461532 0.038461532 0.038461532 0.038461532 0.038461532 0.038461532 0.038461532 0.038461532 0.038461532 0.038461532 0.038461532 0.038461532 0.038461532 0.038461532 0.038461532 0.038461532 0.038461532 0.038461532 0.038461532 0.038461532 0.038461532 0.038461532 0.038461532 4.70044 4.700439 
9 5 12 "5" NA 0 0 1 0 NA 0 12 0 NA NA 71 96 4 500000 NA NA 12 132 0 1.0 0.038461532 4.70044 4.700439 0.038461532 0.038461532 0.038461532 0.038461532 0.038461532 0.038461532 0.038461532 0.038461532 0.038461532 0.038461532 0.038461532 0.038461532 0.038461532 0.038461532 0.038461532 0.038461532 0.038461532 0.038461532 0.038461532 0.038461532 0.038461532 0.038461532 0.038461532 0.038461532 0.038461532 0.038461532 0.038461532 4.70044 4.700439 
9 5 13 "5" NA 0 0 1 0 NA 0 12 0 NA NA 75 96 4 500000 NA NA 12 144 0 1.0 0.038461532 4.70044 4.700439 0.038461532 0.038461532 0.038461532 0.038461532 0.038461532 0.038461532 0.038461532 0.038461532 0.038461532 0.038461532 0.038461532 0.038461532 0.038461532 0.038461532 0.038461532 0.038461532 0.038461532 0.038461532 0.038461532 0.038461532 0.038461532 0.038461532 0.038461532 0.038461532 0.038461532 0.038461532 0.038461532 4.70044 4.700439 
9 5 14 "5" NA 0 0 1 0 NA 0 12 0 NA NA 76 96 4 500000 NA NA 12 156 0 1.0 0.025641026 5.2854023 3.9186585 0.025641026 0.025641026 0.025641026 0.025641026 0.025641026 0.025641026 0.025641026 0.025641026 0.025641026 0.025641026 0.025641026 0.025641026 0.025641026 0.35897437 0.025641026 0.025641026 0.025641026 0.025641026 0.025641026 0.025641026 0.025641026 0.025641026 0.025641026 0.025641026 0.025641026 0.025641026 0.025641026 5.2854023 3.9186585 
9 5 15 "5" NA 0 0 1 0 NA 0 12 0 NA NA 82 96 4 500000 NA NA 12 168 0 1.0 0.025641026 5.2854023 3.9186585 0.025641026 0.025641026 0.025641026 0.025641026 0.025641026 0.025641026 0.025641026 0.025641026 0.025641026 0.025641026 0.025641026 0.025641026 0.025641026 0.025641026 0.025641026 0.025641026 0.35897437 0.025641026 0.025641026 0.025641026 0.025641026 0.025641026 0.025641026 0.025641026 0.025641026 0.025641026 0.025641026 5.2854023 3.9186585 
9 5 16 "5" NA 0 0 1 0 NA 0 12 0 NA NA 81 96 4 500000 NA NA 12 180 0 1.0 0.025641026 5.2854023 3.9186585 0.025641026 0.025641026 0.025641026 0.025641026 0.025641026 0.025641026 0.025641026 0.025641026 0.025641026 0.025641026 0.025641026 0.025641026 0.025641026 0.025641026 0.025641026 0.025641026 0.025641026 0.35897437 0.025641026 0.025641026 0.025641026 0.025641026 0.025641026 0.025641026 0.025641026 0.025641026 0.025641026 5.2854023 3.9186585 
9 5 17 "5" NA 0 0 1 0 NA 0 12 0 NA NA 74 96 4 500000 NA NA 12 192 0 1.0 0.025641026 5.2854023 3.9186585 0.025641026 0.025641026 0.025641026 0.025641026 0.025641026 0.025641026 0.025641026 0.025641026 0.025641026 0.025641026 0.025641026 0.025641026 0.025641026 0.025641026 0.025641026 0.025641026 0.025641026 0.025641026 0.025641026 0.025641026 0.025641026 0.025641026 0.025641026 0.35897437 0.025641026 0.025641026 0.025641026 5.2854023 3.9186585 
9 5 18 "5" NA 0 0 1 0 NA 0 12 0 NA NA 78 96 4 500000 NA NA 12 204 0 1.0 0.025641022 5.2854023 3.9186585 0.025641022 0.025641022 0.025641022 0.025641022 0.025641022 0.025641022 0.025641022 0.025641022 0.025641022 0.025641022 0.025641022 0.025641022 0.025641022 0.025641022 0.025641022 0.025641022 0.025641022 0.025641022 0.025641022 0.025641022 0.025641022 0.025641022 0.35897434 0.025641022 0.025641022 0.025641022 0.025641022 5.2854023 3.9186585 
9 5 19 "5" NA 0 0 1 0 NA 0 12 0 NA NA 80 96 4 500000 NA NA 12 216 0 1.0 0.025641026 5.2854023 3.9186585 0.025641026 0.025641026 0.025641026 0.025641026 0.025641026 0.025641026 0.025641026 0.025641026 0.025641026 0.025641026 0.025641026 0.025641026 0.025641026 0.025641026 0.025641026 0.35897437 0.025641026 0.025641026 0.025641026 0.025641026 0.025641026 0.025641026 0.025641026 0.025641026 0.025641026 0.025641026 0.025641026 5.2854023 3.9186585 
9 5 20 "5" NA 0 0 1 0 NA 0 12 0 NA NA 77 96 4 500000 NA NA 12 228 0 1.0 0.025641026 5.2854023 3.9186585 0.025641026 0.025641026 0.025641026 0.025641026 0.025641026 0.025641026 0.025641026 0.025641026 0.025641026 0.025641026 0.025641026 0.025641026 0.025641026 0.025641026 0.025641026 0.025641026 0.025641026 0.025641026 0.025641026 0.35897437 0.025641026 0.025641026 0.025641026 0.025641026 0.025641026 0.025641026 0.025641026 5.2854023 3.9186585 
9 5 21 "5" NA 0 0 1 0 NA 0 12 0 NA NA 79 96 4 500000 NA NA 12 240 0 1.0 0.025641026 5.2854023 3.9186585 0.025641026 0.025641026 0.025641026 0.025641026 0.025641026 0.025641026 0.025641026 0.025641026 0.025641026 0.025641026 0.025641026 0.025641026 0.025641026 0.025641026 0.025641026 0.025641026 0.025641026 0.025641026 0.025641026 0.025641026 0.025641026 0.35897437 0.025641026 0.025641026 0.025641026 0.025641026 0.025641026 5.2854023 3.9186585 
9 5 22 "5" NA 0 0 1 0 NA 0 12 0 NA NA 73 96 4 500000 NA NA 12 252 0 1.0 0.025641026 5.2854023 3.9186585 0.025641026 0.025641026 0.025641026 0.025641026 0.025641026 0.025641026 0.025641026 0.025641026 0.025641026 0.025641026 0.025641026 0.025641026 0.025641026 0.025641026 0.025641026 0.025641026 0.025641026 0.025641026 0.35897437 0.025641026 0.025641026 0.025641026 0.025641026 0.025641026 0.025641026 0.025641026 0.025641026 5.2854023 3.9186585 
9 5 23 "5" NA 0 0 1 0 NA 0 12 0 NA NA 81 96 4 500000 NA NA 12 264 0 1.0 0.025641022 5.2854023 3.9186585 0.025641022 0.025641022 0.025641022 0.025641022 0.025641022 0.025641022 0.025641022 0.025641022 0.025641022 0.025641022 0.025641022 0.025641022 0.025641022 0.025641022 0.025641022 0.025641022 0.025641022 0.025641022 0.025641022 0.025641022 0.35897434 0.025641022 0.025641022 0.025641022 0.025641022 0.025641022 0.025641022 5.2854023 3.9186585 
9 5 24 "5" NA 0 0 1 0 NA 0 12 0 NA NA 78 96 4 500000 NA NA 12 276 0 1.0 0.023437498 5.4150376 4.0052414 0.023437498 0.023437498 0.023437498 0.023437498 0.023437498 0.023437498 0.023437498 0.023437498 0.023437498 0.023437498 0.023437498 0.023437498 0.023437498 0.023437498 0.023437498 0.21874999 0.023437498 0.023437498 0.023437498 0.023437498 0.023437498 0.023437498 0.023437498 0.21874999 0.023437498 0.023437498 0.023437498 5.4150376 4.0052414 
9 5 25 "5" NA 0 0 1 0 NA 0 12 0 NA NA 80 96 4 500000 NA NA 12 288 0 1.0 0.21874999 2.192645 4.0052414 0.023437498 0.023437498 0.023437498 0.023437498 0.023437498 0.023437498 0.023437498 0.023437498 0.023437498 0.023437498 0.023437498 0.023437498 0.023437498 0.023437498 0.023437498 0.21874999 0.023437498 0.023437498 0.023437498 0.023437498 0.023437498 0.21874999 0.023437498 0.023437498 0.023437498 0.023437498 0.21874999 2.192645 4.0052414 
9 5 26 "5" NA 0 0 1 0 NA 0 12 0 NA NA 84 96 4 500000 NA NA 12 300 1 1.0 0.016853932 5.890771 3.3241346 0.016853932 0.016853932 0.016853932 0.016853932 0.016853932 0.016853932 0.016853932 0.016853932 0.016853932 0.016853932 0.016853932 0.016853932 0.016853932 0.016853932 0.016853932 0.016853932 0.016853932 0.016853932 0.4382023 0.15730338 0.016853932 0.016853932 0.016853932 0.016853932 0.016853932 0.016853932 0.016853932 5.890771 3.3241346 
9 5 27 "5" NA 0 0 1 0 NA 0 12 0 NA NA 77 96 4 500000 NA NA 12 312 0 1.0 0.038461532 4.70044 4.700439 0.038461532 0.038461532 0.038461532 0.038461532 0.038461532 0.038461532 0.038461532 0.038461532 0.038461532 0.038461532 0.038461532 0.038461532 0.038461532 0.038461532 0.038461532 0.038461532 0.038461532 0.038461532 0.038461532 0.038461532 0.038461532 0.038461532 0.038461532 0.038461532 0.038461532 0.038461532 0.038461532 4.70044 4.700439 
9 5 28 "5" NA 0 0 1 0 NA 0 12 0 NA NA 76 96 4 500000 NA NA 12 324 0 0.99999994 0.023437498 5.4150376 4.005241 0.023437498 0.023437498 0.023437498 0.023437498 0.023437498 0.023437498 0.023437498 0.023437498 0.023437498 0.023437498 0.023437498 0.023437498 0.023437498 0.023437498 0.023437498 0.023437498 0.023437498 0.023437498 0.023437498 0.023437498 0.21874999 0.21874999 0.023437498 0.023437498 0.023437498 0.023437498 0.023437498 5.4150376 4.005241 
9 5 29 "5" NA 0 0 1 0 NA 0 12 0 NA NA 83 96 4 500000 NA NA 12 336 0 0.99999994 0.023437498 5.4150376 4.005241 0.023437498 0.023437498 0.023437498 0.023437498 0.023437498 0.023437498 0.023437498 0.023437498 0.023437498 0.023437498 0.023437498 0.023437498 0.023437498 0.023437498 0.023437498 0.023437498 0.21874999 0.023437498 0.023437498 0.023437498 0.023437498 0.023437498 0.023437498 0.21874999 0.023437498 0.023437498 0.023437498 5.4150376 4.005241 
9 5 30 "5" NA 0 0 1 0 NA 0 12 0 NA NA 84 96 4 500000 NA NA 12 348 0 1.0 0.038461532 4.70044 4.700439 0.038461532 0.038461532 0.038461532 0.038461532 0.038461532 0.038461532 0.038461532 0.038461532 0.038461532 0.038461532 0.038461532 0.038461532 0.038461532 0.038461532 0.038461532 0.038461532 0.038461532 0.038461532 0.038461532 0.038461532 0.038461532 0.038461532 0.038461532 0.038461532 0.038461532 0.038461532 0.038461532 4.70044 4.700439 
9 5 31 "5" NA 0 0 1 0 NA 0 12 0 NA NA 76 96 4 500000 NA NA 12 360 0 1.0 0.025641026 5.2854023 3.9186585 0.025641026 0.025641026 0.025641026 0.025641026 0.025641026 0.025641026 0.025641026 0.025641026 0.025641026 0.025641026 0.025641026 0.025641026 0.025641026 0.025641026 0.025641026 0.025641026 0.025641026 0.025641026 0.35897437 0.025641026 0.025641026 0.025641026 0.025641026 0.025641026 0.025641026 0.025641026 0.025641026 5.2854023 3.9186585 
9 5 32 "5" NA 0 0 1 0 NA 0 12 0 NA NA 78 96 4 500000 NA NA 12 372 0 1.0 0.022727268 5.459432 4.119558 0.022727268 0.022727268 0.022727268 0.022727268 0.022727268 0.022727268 0.022727268 0.022727268 0.022727268 0.022727268 0.022727268 0.022727268 0.022727268 0.022727268 0.022727268 0.022727268 0.15909089 0.022727268 0.022727268 0.022727268 0.022727268 0.022727268 0.022727268 0.15909089 0.15909089 0.022727268 0.022727268 5.459432 4.119558 
9 6 1 "6" NA 0 0 1 0 NA 0 0 0 NA NA 67 96 4 500000 NA NA 12 0 0 1.0 0.038461525 4.7004404 4.700439 0.038461525 0.038461525 0.038461525 0.038461525 0.038461525 0.038461525 0.038461525 0.038461525 0.038461525 0.038461525 0.038461525 0.038461525 0.038461525 0.038461525 0.038461525 0.038461525 0.038461525 0.038461525 0.038461525 0.038461525 0.038461525 0.038461525 0.038461525 0.038461525 0.038461525 0.038461525 0.038461525 4.7004404 4.700439 
9 6 2 "6" NA 0 0 1 0 NA 0 12 0 NA NA 62 96 4 500000 NA NA 12 12 0 1.0 0.038461532 4.70044 4.700439 0.038461532 0.038461532 0.038461532 0.038461532 0.038461532 0.038461532 0.038461532 0.038461532 0.038461532 0.038461532 0.038461532 0.038461532 0.038461532 0.038461532 0.038461532 0.038461532 0.038461532 0.038461532 0.038461532 0.038461532 0.038461532 0.038461532 0.038461532 0.038461532 0.038461532 0.038461532 0.038461532 4.70044 4.700439 
9 6 3 "6" NA 0 0 1 0 NA 0 12 0 NA NA 69 96 4 500000 NA NA 12 24 0 1.0 0.038461532 4.70044 4.700439 0.038461532 0.038461532 0.038461532 0.038461532 0.038461532 0.038461532 0.038461532 0.038461532 0.038461532 0.038461532 0.038461532 0.038461532 0.038461532 0.038461532 0.038461532 0.038461532 0.038461532 0.038461532 0.038461532 0.038461532 0.038461532 0.038461532 0.038461532 0.038461532 0.038461532 0.038461532 0.038461532 4.70044 4.700439 
9 6 4 "6" NA 0 0 1 0 NA 0 12 0 NA NA 68 96 4 500000 NA NA 12 36 0 1.0 0.038461532 4.70044 4.700439 0.038461532 0.038461532 0.038461532 0.038461532 0.038461532 0.038461532 0.038461532 0.038461532 0.038461532 0.038461532 0.038461532 0.038461532 0.038461532 0.038461532 0.038461532 0.038461532 0.038461532 0.038461532 0.038461532 0.038461532 0.038461532 0.038461532 0.038461532 0.038461532 0.038461532 0.038461532 0.038461532 4.70044 4.700439 
9 6 5 "6" NA 0 0 1 0 NA 0 12 0 NA NA 66 96 4 500000 NA NA 12 48 0 1.0 0.038461532 4.70044 4.700439 0.038461532 0.038461532 0.038461532 0.038461532 0.038461532 0.038461532 0.038461532 0.038461532 0.038461532 0.038461532 0.038461532 0.038461532 0.038461532 0.038461532 0.038461532 0.038461532 0.038461532 0.038461532 0.038461532 0.038461532 0.038461532 0.038461532 0.038461532 0.038461532 0.038461532 0.038461532 0.038461532 4.70044 4.700439 
9 6 6 "6" NA 0 0 1 0 NA 0 12 0 NA NA 63 96 4 500000 NA NA 12 60 0 1.0 0.038461532 4.70044 4.700439 0.038461532 0.038461532 0.038461532 0.038461532 0.038461532 0.038461532 0.038461532 0.038461532 0.038461532 0.038461532 0.038461532 0.038461532 0.038461532 0.038461532 0.038461532 0.038461532 0.038461532 0.038461532 0.038461532 0.038461532 0.038461532 0.038461532 0.038461532 0.038461532 0.038461532 0.038461532 0.038461532 4.70044 4.700439 
9 6 7 "6" NA 0 0 1 0 NA 0 12 0 NA NA 70 96 4 500000 NA NA 12 72 0 1.0 0.038461532 4.70044 4.700439 0.038461532 0.038461532 0.038461532 0.038461532 0.038461532 0.038461532 0.038461532 0.038461532 0.038461532 0.038461532 0.038461532 0.038461532 0.038461532 0.038461532 0.038461532 0.038461532 0.038461532 0.038461532 0.038461532 0.038461532 0.038461532 0.038461532 0.038461532 0.038461532 0.038461532 0.038461532 0.038461532 4.70044 4.700439 
9 6 8 "6" NA 0 0 1 0 NA 0 12 0 NA NA 72 96 4 500000 NA NA 12 84 0 1.0 0.038461532 4.70044 4.700439 0.038461532 0.038461532 0.038461532 0.038461532 0.038461532 0.038461532 0.038461532 0.038461532 0.038461532 0.038461532 0.038461532 0.038461532 0.038461532 0.038461532 0.038461532 0.038461532 0.038461532 0.038461532 0.038461532 0.038461532 0.038461532 0.038461532 0.038461532 0.038461532 0.038461532 0.038461532 0.038461532 4.70044 4.700439 
9 6 9 "6" NA 0 0 1 0 NA 0 12 0 NA NA 64 96 4 500000 NA NA 12 96 0 1.0 0.038461532 4.70044 4.700439 0.038461532 0.038461532 0.038461532 0.038461532 0.038461532 0.038461532 0.038461532 0.038461532 0.038461532 0.038461532 0.038461532 0.038461532 0.038461532 0.038461532 0.038461532 0.038461532 0.038461532 0.038461532 0.038461532 0.038461532 0.038461532 0.038461532 0.038461532 0.038461532 0.038461532 0.038461532 0.038461532 4.70044 4.700439 
9 6 10 "6" NA 0 0 1 0 NA 0 12 0 NA NA 65 96 4 500000 NA NA 12 108 0 1.0 0.038461532 4.70044 4.700439 0.038461532 0.038461532 0.038461532 0.038461532 0.038461532 0.038461532 0.038461532 0.038461532 0.038461532 0.038461532 0.038461532 0.038461532 0.038461532 0.038461532 0.038461532 0.038461532 0.038461532 0.038461532 0.038461532 0.038461532 0.038461532 0.038461532 0.038461532 0.038461532 0.038461532 0.038461532 0.038461532 4.70044 4.700439 
9 6 11 "6" NA 0 0 1 0 NA 0 12 0 NA NA 71 96 4 500000 NA NA 12 120 0 1.0 0.038461532 4.70044 4.700439 0.038461532 0.038461532 0.038461532 0.038461532 0.038461532 0.038461532 0.038461532 0.038461532 0.038461532 0.038461532 0.038461532 0.038461532 0.038461532 0.038461532 0.038461532 0.038461532 0.038461532 0.038461532 0.038461532 0.038461532 0.038461532 0.038461532 0.038461532 0.038461532 0.038461532 0.038461532 0.038461532 4.70044 4.700439 
9 6 12 "6" NA 0 0 1 0 NA 0 12 0 NA NA 73 96 4 500000 NA NA 12 132 0 1.0 0.038461532 4.70044 4.700439 0.038461532 0.038461532 0.038461532 0.038461532 0.038461532 0.038461532 0.038461532 0.038461532 0.038461532 0.038461532 0.038461532 0.038461532 0.038461532 0.038461532 0.038461532 0.038461532 0.038461532 0.038461532 0.038461532 0.038461532 0.038461532 0.038461532 0.038461532 0.038461532 0.038461532 0.038461532 0.038461532 4.70044 4.700439 
9 6 13 "6" NA 0 0 1 0 NA 0 12 0 NA NA 66 96 4 500000 NA NA 12 144 0 1.0 0.038461532 4.70044 4.700439 0.038461532 0.038461532 0.038461532 0.038461532 0.038461532 0.038461532 0.038461532 0.038461532 0.038461532 0.038461532 0.038461532 0.038461532 0.038461532 0.038461532 0.038461532 0.038461532 0.038461532 0.038461532 0.038461532 0.038461532 0.038461532 0.038461532 0.038461532 0.038461532 0.038461532 0.038461532 0.038461532 4.70044 4.700439 
9 6 14 "6" NA 0 0 1 0 NA 0 12 0 NA NA 64 96 4 500000 NA NA 12 156 0 0.99999994 0.025641026 5.2854023 3.9186583 0.025641026 0.025641026 0.025641026 0.025641026 0.35897437 0.025641026 0.025641026 0.025641026 0.025641026 0.025641026 0.025641026 0.025641026 0.025641026 0.025641026 0.025641026 0.025641026 0.025641026 0.025641026 0.025641026 0.025641026 0.025641026 0.025641026 0.025641026 0.025641026 0.025641026 0.025641026 0.025641026 5.2854023 3.9186583 
9 6 15 "6" NA 0 0 1 0 NA 0 12 0 NA NA 72 96 4 500000 NA NA 12 168 0 1.0 0.025641026 5.2854023 3.9186585 0.025641026 0.025641026 0.025641026 0.025641026 0.025641026 0.025641026 0.35897437 0.025641026 0.025641026 0.025641026 0.025641026 0.025641026 0.025641026 0.025641026 0.025641026 0.025641026 0.025641026 0.025641026 0.025641026 0.025641026 0.025641026 0.025641026 0.025641026 0.025641026 0.025641026 0.025641026 0.025641026 5.2854023 3.9186585 
9 6 16 "6" NA 0 0 1 0 NA 0 12 0 NA NA 70 96 4 500000 NA NA 12 180 0 1.0 0.025641026 5.2854023 3.9186585 0.025641026 0.025641026 0.025641026 0.025641026 0.025641026 0.35897437 0.025641026 0.025641026 0.025641026 0.025641026 0.025641026 0.025641026 0.025641026 0.025641026 0.025641026 0.025641026 0.025641026 0.025641026 0.025641026 0.025641026 0.025641026 0.025641026 0.025641026 0.025641026 0.025641026 0.025641026 0.025641026 5.2854023 3.9186585 
9 6 17 "6" NA 0 0 1 0 NA 0 12 0 NA NA 63 96 4 500000 NA NA 12 192 0 1.0 0.025641026 5.2854023 3.9186585 0.025641026 0.025641026 0.025641026 0.025641026 0.025641026 0.025641026 0.025641026 0.025641026 0.025641026 0.025641026 0.025641026 0.025641026 0.025641026 0.35897437 0.025641026 0.025641026 0.025641026 0.025641026 0.025641026 0.025641026 0.025641026 0.025641026 0.025641026 0.025641026 0.025641026 0.025641026 0.025641026 5.2854023 3.9186585 
9 6 18 "6" NA 0 0 1 0 NA 0 12 0 NA NA 66 96 4 500000 NA NA 12 204 0 1.0 0.025641026 5.2854023 3.9186585 0.025641026 0.025641026 0.025641026 0.025641026 0.025641026 0.025641026 0.025641026 0.025641026 0.025641026 0.025641026 0.025641026 0.35897437 0.025641026 0.025641026 0.025641026 0.025641026 0.025641026 0.025641026 0.025641026 0.025641026 0.025641026 0.025641026 0.025641026 0.025641026 0.025641026 0.025641026 0.025641026 5.2854023 3.9186585 
9 6 19 "6" NA 0 0 1 0 NA 0 12 0 NA NA 68 96 4 500000 NA NA 12 216 0 1.0 0.0234375 5.4150376 4.0052414 0.0234375 0.0234375 0.0234375 0.0234375 0.21875001 0.21875001 0.0234375 0.0234375 0.0234375 0.0234375 0.0234375 0.0234375 0.0234375 0.0234375 0.0234375 0.0234375 0.0234375 0.0234375 0.0234375 0.0234375 0.0234375 0.0234375 0.0234375 0.0234375 0.0234375 0.0234375 0.0234375 5.4150376 4.0052414 
9 6 20 "6" NA 0 0 1 0 NA 0 12 0 NA NA 69 96 4 500000 NA NA 12 228 0 1.0 0.025641026 5.2854023 3.9186585 0.025641026 0.025641026 0.025641026 0.025641026 0.025641026 0.025641026 0.025641026 0.35897437 0.025641026 0.025641026 0.025641026 0.025641026 0.025641026 0.025641026 0.025641026 0.025641026 0.025641026 0.025641026 0.025641026 0.025641026 0.025641026 0.025641026 0.025641026 0.025641026 0.025641026 0.025641026 0.025641026 5.2854023 3.9186585 
9 6 21 "6" NA 0 0 1 0 NA 0 12 0 NA NA 62 96 4 500000 NA NA 12 240 0 1.0 0.025641026 5.2854023 3.9186585 0.025641026 0.025641026 0.025641026 0.025641026 0.025641026 0.025641026 0.025641026 0.025641026 0.025641026 0.35897437 0.025641026 0.025641026 0.025641026 0.025641026 0.025641026 0.025641026 0.025641026 0.025641026 0.025641026 0.025641026 0.025641026 0.025641026 0.025641026 0.025641026 0.025641026 0.025641026 0.025641026 5.2854023 3.9186585 
9 6 22 "6" NA 0 0 1 0 NA 0 12 0 NA NA 67 96 4 500000 NA NA 12 252 0 1.0 0.025641026 5.2854023 3.9186585 0.025641026 0.025641026 0.025641026 0.025641026 0.025641026 0.025641026 0.025641026 0.025641026 0.025641026 0.025641026 0.35897437 0.025641026 0.025641026 0.025641026 0.025641026 0.025641026 0.025641026 0.025641026 0.025641026 0.025641026 0.025641026 0.025641026 0.025641026 0.025641026 0.025641026 0.025641026 0.025641026 5.2854023 3.9186585 
9 6 23 "6" NA 0 0 1 0 NA 0 12 0 NA NA 65 96 4 500000 NA NA 12 264 0 0.99999994 0.025641026 5.2854023 3.9186583 0.025641026 0.025641026 0.025641026 0.35897437 0.025641026 0.025641026 0.025641026 0.025641026 0.025641026 0.025641026 0.025641026 0.025641026 0.025641026 0.025641026 0.025641026 0.025641026 0.025641026 0.025641026 0.025641026 0.025641026 0.025641026 0.025641026 0.025641026 0.025641026 0.025641026 0.025641026 0.025641026 5.2854023 3.9186583 
9 6 24 "6" NA 0 0 1 0 NA 0 12 0 NA NA 66 96 4 500000 NA NA 12 276 0 1.0 0.025641026 5.2854023 3.9186585 0.025641026 0.025641026 0.025641026 0.025641026 0.025641026 0.025641026 0.025641026 0.025641026 0.025641026 0.025641026 0.025641026 0.025641026 0.35897437 0.025641026 0.025641026 0.025641026 0.025641026 0.025641026 0.025641026 0.025641026 0.025641026 0.025641026 0.025641026 0.025641026 0.025641026 0.025641026 0.025641026 5.2854023 3.9186585 
9 6 25 "6" NA 0 0 1 0 NA 0 12 0 NA NA 68 96 4 500000 NA NA 12 288 0 1.0 0.15909085 2.6520772 4.1195574 0.022727262 0.022727262 0.022727262 0.022727262 0.15909085 0.15909085 0.022727262 0.022727262 0.022727262 0.15909085 0.022727262 0.022727262 0.022727262 0.022727262 0.022727262 0.022727262 0.022727262 0.022727262 0.022727262 0.022727262 0.022727262 0.022727262 0.022727262 0.022727262 0.022727262 0.022727262 0.15909085 2.6520772 4.1195574 
9 6 26 "6" NA 0 0 1 0 NA 0 12 0 NA NA 71 96 4 500000 NA NA 12 300 1 1.0 0.016853932 5.890771 3.3241355 0.016853932 0.016853932 0.016853932 0.016853932 0.016853932 0.016853932 0.016853932 0.15730338 0.016853932 0.016853932 0.4382023 0.016853932 0.016853932 0.016853932 0.016853932 0.016853932 0.016853932 0.016853932 0.016853932 0.016853932 0.016853932 0.016853932 0.016853932 0.016853932 0.016853932 0.016853932 0.016853932 5.890771 3.3241355 
9 6 27 "6" NA 0 0 1 0 NA 0 12 0 NA NA 64 96 4 500000 NA NA 12 312 0 1.0 0.025641026 5.2854023 3.9186585 0.025641026 0.025641026 0.025641026 0.025641026 0.025641026 0.025641026 0.025641026 0.025641026 0.025641026 0.025641026 0.025641026 0.025641026 0.025641026 0.025641026 0.35897437 0.025641026 0.025641026 0.025641026 0.025641026 0.025641026 0.025641026 0.025641026 0.025641026 0.025641026 0.025641026 0.025641026 0.025641026 5.2854023 3.9186585 
9 6 28 "6" NA 0 0 1 0 NA 0 12 0 NA NA 62 96 4 500000 NA NA 12 324 0 1.0 0.0234375 5.4150376 4.0052414 0.0234375 0.0234375 0.0234375 0.0234375 0.0234375 0.0234375 0.21875001 0.0234375 0.0234375 0.0234375 0.0234375 0.0234375 0.0234375 0.21875001 0.0234375 0.0234375 0.0234375 0.0234375 0.0234375 0.0234375 0.0234375 0.0234375 0.0234375 0.0234375 0.0234375 0.0234375 0.0234375 5.4150376 4.0052414 
9 6 29 "6" NA 0 0 1 0 NA 0 12 0 NA NA 70 96 4 500000 NA NA 12 336 0 1.0 0.023437498 5.4150376 4.0052414 0.023437498 0.023437498 0.023437498 0.023437498 0.023437498 0.023437498 0.023437498 0.023437498 0.21874999 0.023437498 0.21874999 0.023437498 0.023437498 0.023437498 0.023437498 0.023437498 0.023437498 0.023437498 0.023437498 0.023437498 0.023437498 0.023437498 0.023437498 0.023437498 0.023437498 0.023437498 0.023437498 5.4150376 4.0052414 
9 6 30 "6" NA 0 0 1 0 NA 0 12 0 NA NA 69 96 4 500000 NA NA 12 348 0 1.0 0.0234375 5.4150376 4.0052414 0.0234375 0.0234375 0.0234375 0.0234375 0.21875001 0.0234375 0.0234375 0.0234375 0.0234375 0.0234375 0.0234375 0.0234375 0.0234375 0.21875001 0.0234375 0.0234375 0.0234375 0.0234375 0.0234375 0.0234375 0.0234375 0.0234375 0.0234375 0.0234375 0.0234375 0.0234375 0.0234375 5.4150376 4.0052414 
9 6 31 "6" NA 0 0 1 0 NA 0 12 0 NA NA 63 96 4 500000 NA NA 12 360 0 1.0 0.0234375 5.4150376 4.0052414 0.0234375 0.0234375 0.0234375 0.21875001 0.0234375 0.0234375 0.0234375 0.0234375 0.0234375 0.21875001 0.0234375 0.0234375 0.0234375 0.0234375 0.0234375 0.0234375 0.0234375 0.0234375 0.0234375 0.0234375 0.0234375 0.0234375 0.0234375 0.0234375 0.0234375 0.0234375 0.0234375 5.4150376 4.0052414 
9 6 32 "6" NA 0 0 1 0 NA 0 12 0 NA NA 61 96 4 500000 NA NA 12 372 0 1.0 0.0234375 5.4150376 4.0052414 0.0234375 0.0234375 0.0234375 0.0234375 0.0234375 0.0234375 0.0234375 0.21875001 0.0234375 0.0234375 0.0234375 0.21875001 0.0234375 0.0234375 0.0234375 0.0234375 0.0234375 0.0234375 0.0234375 0.0234375 0.0234375 0.0234375 0.0234375 0.0234375 0.0234375 0.0234375 0.0234375 5.4150376 4.0052414 
