dataset.id melody.id note.id melody.name vertint12 articulation comma voice ornament dyn phrase bioi deltast accidental mpitch cpitch barlength pulses tempo mode keysig dur onset cpitch.order.ltm.cpint-cpitch cpitch.order.stm.cpint-cpitch cpitch.weight.ltm cpitch.weight.stm cpitch.weight.ltm.cpint-cpitch cpitch.weight.stm.cpint-cpitch cpitch.probability cpitch.information.content cpitch.entropy cpitch.59 cpitch.60 cpitch.61 cpitch.62 cpitch.63 cpitch.64 cpitch.65 cpitch.66 cpitch.67 cpitch.68 cpitch.69 cpitch.70 cpitch.71 cpitch.72 cpitch.73 cpitch.74 cpitch.75 cpitch.76 cpitch.77 cpitch.78 cpitch.79 cpitch.80 cpitch.81 cpitch.82 cpitch.83 cpitch.84 probability information.content entropy 
9 1 1 "1" NA 0 0 1 0 NA 0 0 0 NA NA 72 96 4 500000 NA NA 12 0 0 0 0.5 0.5 1.0 1.0 0.038461525 4.7004404 4.700439 0.038461525 0.038461525 0.038461525 0.038461525 0.038461525 0.038461525 0.038461525 0.038461525 0.038461525 0.038461525 0.038461525 0.038461525 0.038461525 0.038461525 0.038461525 0.038461525 0.038461525 0.038461525 0.038461525 0.038461525 0.038461525 0.038461525 0.038461525 0.038461525 0.038461525 0.038461525 0.038461525 4.7004404 4.700439 
9 1 2 "1" NA 0 0 1 0 NA 0 12 0 NA NA 66 96 4 500000 NA NA 12 12 0 0 0.96480936 0.035190735 1.0 1.0 0.0018016555 9.116461 2.9793484 6.7889114e-4 9.0687425e-4 6.7889114e-4 0.0013570089 6.7889114e-4 0.0058976915 0.0018016555 0.0018016555 0.054442335 6.7889114e-4 0.06495735 0.010297696 0.18099473 0.24050844 0.0033312407 0.22475868 0.0015799047 0.12283072 0.018301614 0.0013570089 0.038127385 6.7889114e-4 0.01544693 6.7889114e-4 9.0687425e-4 0.0063208845 0.0018016555 9.116461 2.9793484 
9 1 3 "1" NA 0 0 1 0 NA 0 12 0 NA NA 68 96 4 500000 NA NA 12 24 1 0 0.9955368 0.0044631464 1.0 1.0 0.009087935 6.7818317 2.1817355 0.001981839 0.001981839 0.0011413235 0.025719654 7.200963e-4 0.08157124 0.010755005 0.053472873 0.5152182 0.009087935 0.2515684 0.014917935 0.0082538985 0.001561838 0.009504823 0.0024014388 7.200963e-4 7.200963e-4 0.0011413235 0.003239697 7.200963e-4 7.200963e-4 7.200963e-4 7.200963e-4 7.200963e-4 7.200963e-4 0.009087935 6.7818317 2.1817355 
9 1 4 "1" NA 0 0 1 0 NA 0 12 0 NA NA 70 96 4 500000 NA NA 12 36 1 0 0.94439614 0.05560394 1.0 1.0 0.19888058 2.3300257 3.236735 0.0041785524 0.0041785524 0.0041785524 0.0041785524 0.0041785524 0.013640854 0.008987226 0.19551088 0.008987226 0.15706404 0.18932419 0.19888058 0.07289358 0.013640854 0.043303393 0.0041785524 0.030280277 0.0041785524 0.0041785524 0.0041785524 0.0041785524 0.008987226 0.0041785524 0.0041785524 0.0041785524 0.0041785524 0.19888058 2.3300257 3.236735 
9 1 5 "1" NA 0 0 1 0 NA 0 12 0 NA NA 62 96 4 500000 NA NA 12 48 2 0 0.983315 0.016685002 1.0 1.0 8.077417e-4 10.273818 2.653422 8.077417e-4 8.077417e-4 8.077417e-4 8.077417e-4 8.077417e-4 8.077417e-4 0.0016572834 0.06295844 0.0041694925 0.26089716 0.040638003 0.05075586 0.16899024 0.035563562 0.3332913 8.077417e-4 0.018905986 8.077417e-4 0.0033361076 0.005000041 8.077417e-4 8.077417e-4 8.077417e-4 0.0033361076 8.077417e-4 8.077417e-4 8.077417e-4 10.273818 2.653422 
9 1 6 "1" NA 0 0 1 0 NA 0 12 0 NA NA 64 96 4 500000 NA NA 12 60 0 0 0.9615289 0.0384711 1.0 1.0 0.1509935 2.7274418 3.0271342 0.07795443 0.09656873 0.02349753 0.3021097 0.0018161862 0.1509935 0.009264063 0.03668152 0.18079746 0.0010320675 0.029077435 0.0018161862 0.05848336 0.011436033 0.0010320675 0.006334672 0.0010320675 0.0018161862 0.0010320675 0.0010320675 0.0010320675 0.0010320675 0.0010320675 0.0010320675 0.0010320675 0.0010320675 0.1509935 2.7274418 3.0271342 
9 1 7 "1" NA 0 0 1 0 NA 0 12 0 NA NA 69 96 4 500000 NA NA 12 72 1 0 0.973923 0.026076976 1.0 1.0 0.06093204 4.036655 2.8457072 0.0069188224 0.041309282 0.01916701 0.29032996 0.0015505659 0.12466702 0.0385406 0.27620164 0.095804885 0.0015505659 0.06093204 8.7473105e-4 0.004846124 0.021485036 8.7473105e-4 0.0028806734 8.7473105e-4 0.0041938946 8.7473105e-4 8.7473105e-4 8.7473105e-4 8.7473105e-4 8.7473105e-4 8.7473105e-4 8.7473105e-4 8.7473105e-4 0.06093204 4.036655 2.8457072 
9 1 8 "1" NA 0 0 1 0 NA 0 12 0 NA NA 65 96 4 500000 NA NA 12 84 2 0 0.99050355 0.0094964905 1.0 1.0 0.0068911524 7.1810393 2.443627 4.0214736e-4 0.009931867 0.012828683 0.01653882 0.0045805764 0.0064840284 0.0068911524 0.13682038 0.50407934 0.0030175524 0.14230853 0.002880775 0.08699416 0.025069663 5.4135383e-4 0.021388054 4.0214736e-4 0.008049615 0.0043824245 0.0010953317 0.001508908 4.0214736e-4 0.0021958866 4.0214736e-4 4.0214736e-4 4.0214736e-4 0.0068911524 7.1810393 2.443627 
9 1 9 "1" NA 0 0 1 0 NA 0 12 0 NA NA 63 96 4 500000 NA NA 12 96 2 0 0.97554934 0.024450626 1.0 1.0 0.0015147588 9.366696 2.8157914 0.0015147588 0.0015147588 0.0015147588 0.30566496 0.0015147588 0.23728104 0.07379363 0.05320309 0.16839205 0.0015147588 0.043990843 0.018356023 0.0015147588 0.06466289 0.0015147588 0.0039917207 0.0015147588 0.0015147588 0.0015147588 0.0015147588 0.0015147588 0.0015147588 0.006427814 0.0015147588 0.0015147588 0.0015147588 0.0015147588 9.366696 2.8157914 
9 1 10 "1" NA 0 0 1 0 NA 0 12 0 NA NA 71 96 4 500000 NA NA 12 108 0 0 0.83203804 0.1679619 1.0 1.0 0.0753288 3.7306545 4.038487 0.018517464 0.018517464 0.018517464 0.16839504 0.16839504 0.12368565 0.018517464 0.0753288 0.018517464 0.018517464 0.018517464 0.018517464 0.0753288 0.018517464 0.018517464 0.018517464 0.018517464 0.018517464 0.018517464 0.018517464 0.018517464 0.018517464 0.018517464 0.018517464 0.018517464 0.018517464 0.0753288 3.7306545 4.038487 
9 1 11 "1" NA 0 0 1 0 NA 0 12 0 NA NA 67 96 4 500000 NA NA 12 120 1 0 0.9895656 0.010434408 1.0 1.0 0.04839477 4.3690047 2.4772258 9.162562e-4 7.481763e-4 9.162562e-4 0.0039101564 7.481763e-4 0.0019192958 7.481763e-4 0.0032481009 0.04839477 0.003744762 0.13719212 0.49122533 0.076822065 0.12970428 0.0073698517 0.056278713 0.0022522127 0.0150574045 0.0022522127 0.0020858243 0.0065480717 0.0010840099 0.0025846092 7.481763e-4 0.0025846092 9.162562e-4 0.04839477 4.3690047 2.4772258 
9 1 12 "1" NA 0 0 1 0 NA 0 12 0 NA NA 73 96 4 500000 NA NA 12 132 1 0 0.92878956 0.07121044 1.0 1.0 0.0011007276 9.827327 3.3589993 0.009296141 0.003939382 0.0013901194 0.052769136 0.0013901194 0.05048569 0.022881152 0.107026234 0.25114605 0.0034067088 0.1556831 0.0043845274 0.084558204 0.12926218 0.0011007276 0.044218928 0.0013901194 0.034909282 0.012315542 0.0011007276 0.019431574 0.0011007276 0.0032221645 0.0011007276 0.0013901194 0.0011007276 0.0011007276 9.827327 3.3589993 
9 1 13 "1" NA 0 0 1 0 NA 0 12 0 NA NA 71 96 4 500000 NA NA 12 144 0 0 0.90459937 0.09540058 0.99999994 1.0 0.06507042 3.9418545 3.5672631 0.0029636375 0.0029636375 0.0029636375 0.0029636375 0.0029636375 0.0029636375 0.0029636375 0.028430667 0.0029636375 0.020860065 0.010247734 0.0874707 0.06507042 0.015650962 0.23888366 0.06164513 0.12426194 0.008853705 0.023411524 0.16095582 0.0059890235 0.03941084 0.0074360175 0.050072983 0.024676124 0.0029636375 0.06507042 3.9418545 3.5672631 
9 1 14 "1" NA 0 0 1 0 NA 0 12 0 NA NA 63 96 4 500000 NA NA 12 156 1 0 0.87807506 0.121924855 1.0 1.0 8.279045e-4 10.238248 3.192409 9.910084e-4 8.279045e-4 9.910084e-4 0.0035913307 8.279045e-4 0.0019099532 8.279045e-4 0.06202835 0.04632142 0.11263466 0.17956728 0.30439433 0.06377909 0.08029299 0.022549609 0.052051805 0.019278182 0.011880621 0.0022012207 0.0020563037 0.0056747487 0.018529117 0.0024872147 8.279045e-4 0.0024872147 9.910084e-4 8.279045e-4 10.238248 3.192409 
9 1 15 "1" NA 0 0 1 0 NA 0 12 0 NA NA 65 96 4 500000 NA NA 12 168 0 0 0.5936761 0.40632397 0.99999994 1.0 0.020580515 5.602577 4.097343 0.020580515 0.020580515 0.020580515 0.09943568 0.09943568 0.0797854 0.020580515 0.056009393 0.020580515 0.020580515 0.020580515 0.020580515 0.23314317 0.020580515 0.020580515 0.020580515 0.020580515 0.020580515 0.020580515 0.020580515 0.020580515 0.020580515 0.020580515 0.020580515 0.020580515 0.020580515 0.020580515 5.602577 4.097343 
9 1 16 "1" NA 0 0 1 0 NA 0 12 0 NA NA 69 96 4 500000 NA NA 12 180 0 0 0.89441687 0.105583064 1.0 0.99999994 0.04286338 4.5441103 3.146813 0.004433806 0.004433806 0.004433806 0.051590208 0.013079324 0.3458434 0.09715193 0.101148985 0.18175495 0.004433806 0.04286338 0.015008576 0.004433806 0.060145233 0.004433806 0.0098985955 0.004433806 0.004433806 0.004433806 0.004433806 0.004433806 0.004433806 0.015008576 0.004433806 0.004433806 0.004433806 0.04286338 4.5441103 3.146813 
9 1 17 "1" NA 0 0 1 0 NA 0 12 0 NA NA 64 96 4 500000 NA NA 12 192 1 0 0.9644135 0.035586562 1.0 1.0 0.0043689446 7.8384995 2.525119 7.461386e-4 0.0034210368 0.0014910043 0.014705154 9.965866e-4 0.0043689446 0.005832045 0.026300032 0.3836266 0.005309261 0.2663327 0.005074804 0.17601019 0.03530265 9.965866e-4 0.035739444 7.461386e-4 0.013801628 0.0076352833 0.0019793273 0.002703773 7.461386e-4 0.003896057 7.461386e-4 7.461386e-4 7.461386e-4 0.0043689446 7.8384995 2.525119 
9 1 18 "1" NA 0 0 1 0 NA 0 12 0 NA NA 62 96 4 500000 NA NA 12 204 1 0 0.8922743 0.107725665 1.0 1.0 0.24830897 2.0097916 3.0852888 0.0050572017 0.027410785 0.014884504 0.24830897 0.0028672023 0.17013559 0.050408196 0.15148786 0.17406571 0.0028672023 0.08696021 0.0016970133 0.008144652 0.026543345 0.0016970133 0.0050572017 0.0016970133 0.007134413 0.0016970133 0.0016970133 0.0016970133 0.0016970133 0.0016970133 0.0016970133 0.0016970133 0.0016970133 0.24830897 2.0097916 3.0852888 
9 1 19 "1" NA 0 0 1 0 NA 0 12 0 NA NA 70 96 4 500000 NA NA 12 216 2 0 0.8903776 0.109622486 1.0 1.0 0.0013203743 9.564837 3.0460107 0.057334974 0.10415306 0.23607276 0.21137689 0.0013203743 0.14644492 0.009786401 0.027160313 0.12184266 7.8236265e-4 0.021484671 0.0013203743 0.038424775 0.00915281 7.8236265e-4 0.0041986695 7.8236265e-4 0.0013203743 7.8236265e-4 7.8236265e-4 7.8236265e-4 7.8236265e-4 7.8236265e-4 7.8236265e-4 7.8236265e-4 7.8236265e-4 0.0013203743 9.564837 3.0460107 
9 1 20 "1" NA 0 0 1 0 NA 0 12 0 NA NA 68 96 4 500000 NA NA 12 228 1 0 0.9497987 0.050201308 1.0 0.99999994 0.06513377 3.9404504 2.7186344 0.0020038283 0.0020038283 0.0020038283 0.0042688814 0.0020038283 0.0020038283 0.0037391852 0.044353902 0.008739166 0.06513377 0.07684311 0.49383774 0.05479624 0.042852126 0.120016284 0.0020038283 0.036815953 0.0020038283 0.007095523 0.010366526 0.0020038283 0.0020038283 0.0020038283 0.007095523 0.0020038283 0.0020038283 0.06513377 3.9404504 2.7186344 
9 1 21 "1" NA 0 0 1 0 NA 0 12 0 NA NA 66 96 4 500000 NA NA 12 240 1 0 0.9814337 0.018566296 1.0 1.0 0.50851715 0.9756317 2.2726035 0.0013372567 0.0013372567 0.0013372567 0.0013372567 0.0013372567 0.0045727934 0.002963866 0.50851715 0.021257116 0.2069565 0.049643025 0.12291903 0.03981776 0.0045727934 0.010923905 0.0013372567 0.006170847 0.0013372567 0.0013372567 0.0013372567 0.0013372567 0.002963866 0.0013372567 0.0013372567 0.0013372567 0.0013372567 0.50851715 0.9756317 2.2726035 
9 1 22 "1" NA 0 0 1 0 NA 0 12 0 NA NA 72 96 4 500000 NA NA 12 252 2 0 0.9266054 0.073394604 1.0 1.0 0.001061249 9.880021 2.841971 0.00132461 0.00132461 7.9254224e-4 0.014394829 5.162423e-4 0.042147335 0.30817187 0.0926631 0.090497255 0.0882469 0.01697165 0.22452357 0.00499779 0.001061249 0.10376704 0.001583858 5.162423e-4 5.162423e-4 7.9254224e-4 0.0020928863 5.162423e-4 5.162423e-4 5.162423e-4 5.162423e-4 5.162423e-4 5.162423e-4 0.001061249 9.880021 2.841971 
9 1 23 "1" NA 0 0 1 0 NA 0 12 0 NA NA 64 96 4 500000 NA NA 12 264 1 0 0.996618 0.003382084 1.0 1.0 0.0021535836 8.859045 1.7490242 2.3084642e-4 3.1132693e-4 2.3084642e-4 4.7208878e-4 2.3084642e-4 0.0021535836 6.3266145e-4 7.192846e-4 0.021391444 2.3084642e-4 0.025672024 0.003830013 0.0739895 0.69492126 0.0011937314 0.09253829 5.52395e-4 0.049574755 0.0069371904 4.7208878e-4 0.014806078 2.3084642e-4 0.005822485 2.3084642e-4 3.1132693e-4 0.0023133948 0.0021535836 8.859045 1.7490242 
9 1 24 "1" NA 0 0 1 0 NA 0 12 0 NA NA 63 96 4 500000 NA NA 12 276 1 0 0.91058344 0.089416586 1.0 1.0 0.002275163 8.779814 2.9554896 0.0040599573 0.02278213 0.01221703 0.31189856 0.002275163 0.11588346 0.086698584 0.14067551 0.18049155 0.002275163 0.067611165 0.001332188 0.006602836 0.022046616 0.001332188 0.0040599573 0.001332188 0.005768144 0.001332188 0.001332188 0.001332188 0.001332188 0.001332188 0.001332188 0.001332188 0.001332188 0.002275163 8.779814 2.9554896 
9 1 25 "1" NA 0 0 1 0 NA 0 12 0 NA NA 70 96 4 500000 NA NA 12 288 1 0 0.9067825 0.09321758 0.99999994 1.0 0.009874401 6.6620913 3.2238827 0.009874401 0.009874401 0.009874401 0.09043426 0.09043426 0.06507542 0.047561653 0.4288675 0.009874401 0.009874401 0.009874401 0.009874401 0.08013855 0.009874401 0.009874401 0.009874401 0.009874401 0.009874401 0.009874401 0.009874401 0.009874401 0.009874401 0.009874401 0.009874401 0.009874401 0.009874401 0.009874401 6.6620913 3.2238827 
9 1 26 "1" NA 0 0 1 0 NA 0 12 0 NA NA 68 96 4 500000 NA NA 12 300 0 0 0.7423465 0.25765347 1.0 1.0 0.17245159 2.5357366 3.7740643 0.0062726396 0.0062726396 0.0062726396 0.018160483 0.0062726396 0.0062726396 0.010213957 0.07058871 0.019831618 0.17245159 0.10846212 0.101962194 0.08327206 0.06871366 0.15368095 0.0062726396 0.06102508 0.0062726396 0.01685141 0.022663286 0.0062726396 0.0062726396 0.0062726396 0.01685141 0.0062726396 0.0062726396 0.17245159 2.5357366 3.7740643 
9 1 27 "1" NA 0 0 1 0 NA 0 12 0 NA NA 62 96 4 500000 NA NA 12 312 1 1 0.94750977 0.05249022 1.0 1.0 0.0014181054 9.46182 2.2218618 0.0014181054 0.0014181054 0.0014181054 0.0014181054 0.0014181054 0.0046474882 0.0030577707 0.5393186 0.02048682 0.18436792 0.046461802 0.11956935 0.037551336 0.0046474882 0.0107731335 0.0014181054 0.006207009 0.0014181054 0.0014181054 0.0014181054 0.0014181054 0.0030577707 0.0014181054 0.0014181054 0.0014181054 0.0014181054 0.0014181054 9.46182 2.2218618 
9 1 28 "1" NA 0 0 1 0 NA 0 12 0 NA NA 67 96 4 500000 NA NA 12 324 0 0 0.8898168 0.11018323 1.0 1.0 0.16771817 2.575889 3.1319432 0.07699756 0.09387219 0.025380595 0.26972598 0.0023744567 0.1823013 0.01072577 0.03832667 0.16771817 0.0014074022 0.030912515 0.004212605 0.05901697 0.013034072 0.0014074022 0.0075450614 0.0014074022 0.0023744567 0.0014074022 0.0014074022 0.0014074022 0.0014074022 0.0014074022 0.0014074022 0.0014074022 0.0014074022 0.16771817 2.575889 3.1319432 
9 1 29 "1" NA 0 0 1 0 NA 0 12 0 NA NA 69 96 4 500000 NA NA 12 336 1 0 0.83442247 0.16557758 1.0 1.0 0.16958018 2.5599606 3.3578596 0.033175625 0.0062595587 0.0051825354 0.09016951 0.0013297783 0.047069468 0.032141365 0.12894712 0.22950734 0.0022976769 0.16958018 0.0033600559 0.11884984 0.063712575 0.002058507 0.021251246 0.0013297783 0.018832102 0.0075685326 0.0011208947 0.009834238 0.0011208947 0.0017296568 0.0011208947 0.0013297783 0.0011208947 0.16958018 2.5599606 3.3578596 
9 1 30 "1" NA 0 0 1 0 NA 0 12 0 NA NA 61 96 4 500000 NA NA 12 348 2 0 0.96887076 0.031129288 1.0 1.0 9.28065e-4 10.073487 2.522218 4.629448e-4 0.0028282367 9.28065e-4 0.026235817 6.1916414e-4 0.0052782414 0.007900557 0.047270562 0.20138946 0.0033241678 0.14430714 0.005214449 0.44415548 0.055310003 6.1916414e-4 0.028342536 4.629448e-4 0.011978288 0.0054632355 0.0019344348 0.001687581 4.629448e-4 0.0024358633 4.629448e-4 4.629448e-4 4.629448e-4 9.28065e-4 10.073487 2.522218 
9 1 31 "1" NA 0 0 1 0 NA 0 12 0 NA NA 65 96 4 500000 NA NA 12 360 1 0 0.99994 5.998974e-5 1.0 1.0 0.0019611332 8.994097 1.1724678 0.03647068 0.0019611332 0.02784366 0.83866787 0.0019611332 0.045097586 0.0019611332 0.0019611332 0.0019611332 0.0019611332 0.010589048 0.0019611332 0.0019611332 0.0019611332 0.0019611332 0.0019611332 0.0019611332 0.0019611332 0.0019611332 0.0019611332 0.0019611332 0.0019611332 0.0019611332 0.0019611332 0.0019611332 0.0019611332 0.0019611332 8.994097 1.1724678 
9 1 32 "1" NA 0 0 1 0 NA 0 12 0 NA NA 59 96 4 500000 NA NA 12 372 0 0 0.9064614 0.09353866 1.0 1.0 0.0041840905 7.90087 3.1330328 0.0041840905 0.0041840905 0.0041840905 0.050320327 0.011636723 0.34608522 0.09557169 0.099557795 0.18031318 0.0041840905 0.05672909 0.014397755 0.0041840905 0.058786117 0.0041840905 0.009442668 0.0041840905 0.0041840905 0.0041840905 0.0041840905 0.0041840905 0.0041840905 0.014397755 0.0041840905 0.0041840905 0.0041840905 0.0041840905 7.90087 3.1330328 
9 2 1 "2" NA 0 0 1 0 NA 0 0 0 NA NA 74 96 4 500000 NA NA 12 0 0 0 0.5 0.5 1.0 1.0 0.038461525 4.7004404 4.700439 0.038461525 0.038461525 0.038461525 0.038461525 0.038461525 0.038461525 0.038461525 0.038461525 0.038461525 0.038461525 0.038461525 0.038461525 0.038461525 0.038461525 0.038461525 0.038461525 0.038461525 0.038461525 0.038461525 0.038461525 0.038461525 0.038461525 0.038461525 0.038461525 0.038461525 0.038461525 0.038461525 4.7004404 4.700439 
9 2 2 "2" NA 0 0 1 0 NA 0 12 0 NA NA 70 96 4 500000 NA NA 12 12 0 0 0.97703636 0.022963721 1.0 1.0 0.002276986 8.778659 2.7888083 4.538779e-4 4.538779e-4 4.538779e-4 0.0013732155 4.538779e-4 6.398017e-4 6.398017e-4 0.002276986 0.027822936 4.538779e-4 0.014166961 0.002276986 0.06834764 0.26432195 0.009148943 0.22131015 0.009322898 0.25660247 0.029855266 0.0058268523 0.06668755 4.538779e-4 0.009148943 4.538779e-4 0.0042386176 0.0028149167 0.002276986 8.778659 2.7888083 
9 2 3 "2" NA 0 0 1 0 NA 0 12 0 NA NA 69 96 4 500000 NA NA 12 24 1 0 0.93923724 0.060762797 1.0 1.0 0.11482176 3.1225321 3.2692347 0.001655269 0.001655269 0.001655269 0.003067415 0.001655269 0.001655269 0.003067415 0.03539837 0.007101757 0.054068454 0.11482176 0.056369625 0.09828061 0.2946804 0.09472934 0.001655269 0.029443333 0.001655269 0.06346588 0.008408226 0.001655269 0.001655269 0.001655269 0.11723433 0.001655269 0.001655269 0.11482176 3.1225321 3.2692347 
9 2 4 "2" NA 0 0 1 0 NA 0 12 0 NA NA 73 96 4 500000 NA NA 12 36 2 0 0.98802626 0.011973773 0.99999994 1.0 7.135839e-4 10.452629 2.5316615 5.304835e-4 0.002524659 0.001259884 0.011246585 7.135839e-4 0.0034229674 0.017196512 0.02040278 0.4955638 0.003960523 0.1504746 0.0431465 0.10952108 0.073022746 7.135839e-4 0.03446069 5.304835e-4 0.01713056 0.005746546 0.0014412659 0.00198387 5.304835e-4 0.0028843824 5.304835e-4 5.304835e-4 5.304835e-4 7.135839e-4 10.452629 2.5316615 
9 2 5 "2" NA 0 0 1 0 NA 0 12 0 NA NA 72 96 4 500000 NA NA 12 48 1 0 0.9881818 0.011818151 1.0 1.0 0.007924109 6.9795356 2.535733 0.0012866406 0.0012866406 0.0012866406 0.0012866406 0.0012866406 0.0012866406 0.0012866406 0.015210731 0.0012866406 0.010845608 0.004989352 0.051918536 0.03829959 0.007924109 0.56071085 0.03542563 0.07618794 0.004252789 0.01230264 0.101073496 0.0027747166 0.021731177 0.0035146894 0.028227942 0.013030365 0.0012866406 0.007924109 6.9795356 2.535733 
9 2 6 "2" NA 0 0 1 0 NA 0 12 0 NA NA 71 96 4 500000 NA NA 12 60 1 0 0.9864715 0.013528541 1.0 1.0 0.049312964 4.341889 2.5683208 1.6316577e-4 2.1938115e-4 1.6316577e-4 3.3125683e-4 1.6316577e-4 0.001542599 4.4260628e-4 4.9813e-4 0.09640534 1.6316577e-4 0.017295431 0.3263528 0.049312964 0.065947376 0.3246777 0.06153516 3.869867e-4 0.033175856 0.0047363155 3.3125683e-4 0.010031015 1.6316577e-4 0.0039823544 1.6316577e-4 2.1938115e-4 0.0015972119 0.049312964 4.341889 2.5683208 
9 2 7 "2" NA 0 0 1 0 NA 0 12 0 NA NA 65 96 4 500000 NA NA 12 72 1 0 0.9895332 0.010466843 1.0 1.0 4.671806e-4 11.063732 2.4738114 5.4750976e-4 4.671806e-4 5.4750976e-4 0.002825347 5.4750976e-4 0.0010273237 4.671806e-4 0.0016634179 0.052096542 0.0027464526 0.39465237 0.0035586297 0.11433505 0.27404237 0.0036373104 0.08267581 0.0011866612 0.03130542 0.0062374915 0.0028010744 0.014916604 6.27714e-4 0.0038792954 4.671806e-4 0.002193478 5.4750976e-4 4.671806e-4 11.063732 2.4738114 
9 2 8 "2" NA 0 0 1 0 NA 0 12 0 NA NA 63 96 4 500000 NA NA 12 84 0 0 0.96193826 0.038061764 1.0 1.0 0.008558759 6.868383 3.0518079 0.008558759 0.003923132 0.003923132 0.047967184 0.008558759 0.36794722 0.09426856 0.09842464 0.18443829 0.003923132 0.043687038 0.013091603 0.003923132 0.056483544 0.003923132 0.008558759 0.003923132 0.003923132 0.003923132 0.003923132 0.003923132 0.003923132 0.013091603 0.003923132 0.003923132 0.003923132 0.008558759 6.868383 3.0518079 
9 2 9 "2" NA 0 0 1 0 NA 0 12 0 NA NA 66 96 4 500000 NA NA 12 96 1 0 0.9619268 0.038073204 1.0 1.0 0.035361886 4.821661 3.095045 0.009651407 0.009651407 0.009651407 0.08476539 0.08476539 0.06027038 0.035361886 0.035361886 0.009651407 0.009651407 0.009651407 0.035361886 0.4807364 0.009651407 0.009651407 0.009651407 0.009651407 0.009651407 0.009651407 0.009651407 0.009651407 0.009651407 0.009651407 0.009651407 0.009651407 0.009651407 0.035361886 4.821661 3.095045 
9 2 10 "2" NA 0 0 1 0 NA 0 12 0 NA NA 64 96 4 500000 NA NA 12 108 1 0 0.9959416 0.0040584793 1.0 1.0 0.11641544 3.1026459 2.1544964 0.0028241382 0.0028241382 0.0016260311 0.036688928 0.0010257217 0.11641544 0.015336513 0.07630141 0.6223183 0.013553084 0.04379294 0.021275628 0.011768697 0.0028241382 0.013553084 0.003422338 0.0010257217 0.0010257217 0.0016260311 0.004617519 0.0010257217 0.0010257217 0.0010257217 0.0010257217 0.0010257217 0.0010257217 0.11641544 3.1026459 2.1544964 
9 2 11 "2" NA 0 0 1 0 NA 0 12 0 NA NA 68 96 4 500000 NA NA 12 120 1 0 0.9956739 0.004326061 1.0 1.0 5.879409e-4 10.732041 2.1702244 0.0011075037 0.0073015653 0.0036940102 0.52671295 8.478981e-4 0.11651285 0.01013023 0.19654405 0.047528688 5.879409e-4 0.05019036 3.2746544e-4 0.013688777 0.018817892 3.2746544e-4 0.0011075037 3.2746544e-4 0.0016259669 3.2746544e-4 3.2746544e-4 3.2746544e-4 3.2746544e-4 3.2746544e-4 3.2746544e-4 3.2746544e-4 3.2746544e-4 5.879409e-4 10.732041 2.1702244 
9 2 12 "2" NA 0 0 1 0 NA 0 12 0 NA NA 67 96 4 500000 NA NA 12 132 1 0 0.98815686 0.011843172 0.99999994 1.0 0.006155249 7.3439665 2.533972 0.0029894032 0.0029894032 0.0029894032 0.006155249 0.0029894032 0.009300734 0.006155249 0.122944064 0.006155249 0.09857195 0.52629095 0.09246823 0.04342574 0.009300734 0.021780903 0.0029894032 0.012433262 0.0029894032 0.0029894032 0.0029894032 0.0029894032 0.006155249 0.0029894032 0.0029894032 0.0029894032 0.0029894032 0.006155249 7.3439665 2.533972 
9 2 13 "2" NA 0 0 1 0 NA 0 12 0 NA NA 64 96 4 500000 NA NA 12 144 1 0 0.9908287 0.009171319 0.99999994 1.0 0.02898736 5.1084323 2.4350727 0.0052211336 0.0019560796 8.583598e-4 0.02776752 8.583598e-4 0.02898736 0.014002996 0.066175684 0.56602305 0.0016432315 0.095623784 0.0025804485 0.044504195 0.0815917 8.583598e-4 0.019672317 8.583598e-4 0.01997829 0.006768072 7.0071896e-4 0.009236591 7.0071896e-4 0.0011728771 7.0071896e-4 8.583598e-4 7.0071896e-4 0.02898736 5.1084323 2.4350727 
9 2 14 "2" NA 0 0 1 0 NA 0 12 0 NA NA 66 96 4 500000 NA NA 12 156 1 0 0.8729598 0.12704019 1.0 1.0 0.14328392 2.8030512 3.2014267 0.0051525184 0.041663855 0.027477987 0.28679216 0.0040767575 0.12904443 0.05566412 0.14328392 0.14946175 0.0057005817 0.062957644 0.0017703527 0.009999329 0.037996154 0.0017703527 0.007046693 0.0017703527 0.014207911 0.0017703527 0.0017703527 0.0017703527 0.0017703527 0.0017703527 0.0017703527 0.0017703527 0.0017703527 0.14328392 2.8030512 3.2014267 
9 2 15 "2" NA 0 0 1 0 NA 0 12 0 NA NA 63 96 4 500000 NA NA 12 168 2 0 0.99419767 0.00580231 1.0 1.0 3.632271e-4 11.42684 1.8969966 9.983082e-4 9.983082e-4 5.7534355e-4 0.08369336 3.632271e-4 0.080222666 0.005405286 0.08458262 0.6515381 0.01869993 0.04568772 0.0074942047 0.007643271 9.983082e-4 0.004777758 0.0012093596 3.632271e-4 3.632271e-4 5.7534355e-4 0.0016308479 3.632271e-4 3.632271e-4 3.632271e-4 3.632271e-4 3.632271e-4 3.632271e-4 3.632271e-4 11.42684 1.8969966 
9 2 16 "2" NA 0 0 1 0 NA 0 12 0 NA NA 65 96 4 500000 NA NA 12 180 0 0 0.44977435 0.5502257 1.0 1.0 0.042715285 4.5491037 4.2464905 0.023275336 0.023275336 0.023275336 0.06428567 0.06428567 0.05480994 0.042715285 0.2341469 0.023275336 0.023275336 0.023275336 0.042715285 0.05480994 0.023275336 0.023275336 0.023275336 0.023275336 0.023275336 0.023275336 0.023275336 0.023275336 0.023275336 0.023275336 0.023275336 0.023275336 0.023275336 0.042715285 4.5491037 4.2464905 
9 2 17 "2" NA 0 0 1 0 NA 0 12 0 NA NA 71 96 4 500000 NA NA 12 192 1 0 0.96704865 0.03295132 1.0 0.99999994 0.0020612522 8.922263 2.507377 0.004515532 0.0020612522 0.0020612522 0.02553989 0.007551582 0.19804381 0.050373316 0.052606218 0.098908424 0.0020612522 0.48514262 0.006922636 0.0020612522 0.03010051 0.0020612522 0.004515532 0.0020612522 0.0020612522 0.0020612522 0.0020612522 0.0020612522 0.0020612522 0.006922636 0.0020612522 0.0020612522 0.0020612522 0.0020612522 8.922263 2.507377 
9 2 18 "2" NA 0 0 1 0 NA 0 12 0 NA NA 72 96 4 500000 NA NA 12 204 0 0 0.84873587 0.15126416 1.0 1.0 0.21693195 2.2046854 3.389613 0.0047658817 0.004312492 0.0047658817 0.012108578 0.0047658817 0.0073524867 0.0071041374 0.010567948 0.09399705 0.011726867 0.22758256 0.019382633 0.13879375 0.21693195 0.019732092 0.106533244 0.00817654 0.03522154 0.00817654 0.007766462 0.01797325 0.005211699 0.008986021 0.004312492 0.008986021 0.0047658817 0.21693195 2.2046854 3.389613 
9 2 19 "2" NA 0 0 1 0 NA 0 12 0 NA NA 73 96 4 500000 NA NA 12 216 1 0 0.9044652 0.09553481 1.0 1.0 0.0033816623 8.208052 2.9564245 6.2154944e-4 8.153762e-4 6.2154944e-4 0.0018584094 6.2154944e-4 0.00718783 0.0015518038 0.003006464 0.05786614 6.2154944e-4 0.07290206 0.008512569 0.2149706 0.18303439 0.0033816623 0.26249325 0.0026712583 0.10547713 0.014164918 0.0011897241 0.03346797 6.2154944e-4 0.01587039 6.2154944e-4 8.153762e-4 0.0050332607 0.0033816623 8.208052 2.9564245 
9 2 20 "2" NA 0 0 1 0 NA 0 12 0 NA NA 69 96 4 500000 NA NA 12 228 2 0 0.8565763 0.1434236 1.0 1.0 0.0064513483 7.2761836 3.340315 0.0019927437 0.0019927437 0.0019927437 0.0019927437 0.0019927437 0.0019927437 0.0019927437 0.016954437 0.0019927437 0.012645931 0.0064513483 0.065655924 0.037749972 0.015185143 0.15562849 0.30191135 0.11439361 0.0056171864 0.050730705 0.10271498 0.0038793816 0.02309844 0.025645178 0.028976772 0.014826504 0.0019927437 0.0064513483 7.2761836 3.340315 
9 2 21 "2" NA 0 0 1 0 NA 0 12 0 NA NA 70 96 4 500000 NA NA 12 240 1 0 0.9998548 1.4522864e-4 1.0 1.0 0.0013114053 9.574671 1.109385 1.7969623e-4 8.7132776e-4 4.3121647e-4 0.0039515477 2.4257941e-4 0.0011856714 0.0013742716 0.0072199237 0.057741955 0.0013742716 0.03575008 0.0013114053 0.037195306 0.009796751 3.055773e-4 0.8318727 1.7969623e-4 0.0037001208 0.002002914 4.940924e-4 6.82714e-4 1.7969623e-4 9.97067e-4 1.7969623e-4 1.7969623e-4 1.7969623e-4 0.0013114053 9.574671 1.109385 
9 2 22 "2" NA 0 0 1 0 NA 0 12 0 NA NA 74 96 4 500000 NA NA 12 252 1 0 0.8821224 0.11787758 1.0 1.0 0.001659703 9.234859 3.09537 0.001659703 0.001659703 0.001659703 0.0029623967 0.001659703 0.001659703 0.0029623967 0.029461917 0.07768734 0.043856606 0.19678582 0.25432646 0.06982632 0.18479207 0.07426188 0.001659703 0.024781592 0.001659703 0.005370658 0.007637381 0.001659703 0.001659703 0.001659703 0.005370658 0.001659703 0.001659703 0.001659703 9.234859 3.09537 
9 2 23 "2" NA 0 0 1 0 NA 0 12 0 NA NA 67 96 4 500000 NA NA 12 264 0 0 0.9223467 0.07765329 1.0 1.0 0.030428119 5.038451 2.8897092 6.249775e-4 6.249775e-4 6.249775e-4 0.0017772613 6.249775e-4 8.642205e-4 8.642205e-4 0.0028647028 0.030428119 6.249775e-4 0.016090019 0.0037775321 0.07107999 0.2548455 0.010648313 0.21550757 0.010839341 0.24781354 0.03252215 0.0069552287 0.06944907 6.249775e-4 0.010648313 6.249775e-4 0.005150364 0.0034996874 0.030428119 5.038451 2.8897092 
9 2 24 "2" NA 0 0 1 0 NA 0 12 0 NA NA 63 96 4 500000 NA NA 12 276 1 0 0.87985986 0.12014013 1.0 1.0 5.978554e-4 10.707915 3.1444597 0.0029708159 0.0012423679 5.978554e-4 0.013102808 5.978554e-4 0.018778615 0.01958409 0.028332513 0.3142713 0.001064239 0.08463945 0.0015888566 0.12910402 0.13146505 5.978554e-4 0.07906045 5.978554e-4 0.079160444 0.044497777 4.9927575e-4 0.04536193 4.9927575e-4 7.8885e-4 4.9927575e-4 5.978554e-4 4.9927575e-4 5.978554e-4 10.707915 3.1444597 
9 2 25 "2" NA 0 0 1 0 NA 0 12 0 NA NA 64 96 4 500000 NA NA 12 288 1 0 0.90111375 0.09888632 1.0 1.0 0.05712543 4.129723 3.2829196 0.010270903 0.010270903 0.010270903 0.43481806 0.07862854 0.05712543 0.07124474 0.07124474 0.010270903 0.010270903 0.010270903 0.034665756 0.05712543 0.010270903 0.010270903 0.010270903 0.010270903 0.010270903 0.010270903 0.010270903 0.010270903 0.010270903 0.010270903 0.010270903 0.010270903 0.010270903 0.05712543 4.129723 3.2829196 
9 2 26 "2" NA 0 0 1 0 NA 0 12 0 NA NA 65 96 4 500000 NA NA 12 300 1 0 0.99681824 0.0031818182 1.0 1.0 0.01573544 5.9898386 1.7656312 0.0017159322 0.011337367 0.005731314 0.12674057 0.0013133037 0.054009106 0.01573544 0.6854724 0.049629897 0.0013226704 0.023323284 5.0665496e-4 0.0029222083 0.010937297 5.0665496e-4 0.0017159322 5.0665496e-4 0.0025203347 5.0665496e-4 5.0665496e-4 5.0665496e-4 5.0665496e-4 5.0665496e-4 5.0665496e-4 5.0665496e-4 5.0665496e-4 0.01573544 5.9898386 1.7656312 
9 2 27 "2" NA 0 0 1 0 NA 0 12 0 NA NA 71 96 4 500000 NA NA 12 312 1 0 0.9463731 0.053626884 1.0 1.0 0.0055753025 7.4867344 2.795 0.0049459348 0.0024765683 0.0024765683 0.038948976 0.008278651 0.25977555 0.062360212 0.051491227 0.3835178 0.0024765683 0.07579834 0.007344116 0.0055753025 0.0432543 0.0024765683 0.019170016 0.0024765683 0.0024765683 0.0024765683 0.0024765683 0.0024765683 0.0024765683 0.007344116 0.0024765683 0.0024765683 0.0024765683 0.0055753025 7.4867344 2.795 
9 2 28 "2" NA 0 0 1 0 NA 0 12 0 NA NA 73 96 4 500000 NA NA 12 324 1 1 0.92571837 0.07428162 1.0 1.0 0.009483638 6.7203436 2.3389752 0.002013626 0.0018056183 0.002013626 0.0055674817 0.002013626 0.0032310844 0.0023770302 0.004799495 0.052048367 0.0053763296 0.13654129 0.009300597 0.07961865 0.5729705 0.009483638 0.059663635 0.0036280078 0.017841615 0.0036280078 0.0034300073 0.008565463 0.0022199203 0.0040214695 0.0018056183 0.0040214695 0.002013626 0.009483638 6.7203436 2.3389752 
9 2 29 "2" NA 0 0 1 0 NA 0 12 0 NA NA 70 96 4 500000 NA NA 12 336 1 0 0.77953476 0.22046521 1.0 1.0 0.0741631 3.7531548 3.7095869 0.003119247 0.003119247 0.003119247 0.003119247 0.003119247 0.003119247 0.003119247 0.0324997 0.003119247 0.064644404 0.016569773 0.0741631 0.06281635 0.022959067 0.16319019 0.12779076 0.16830535 0.008010093 0.029511204 0.104823925 0.00571926 0.029004922 0.006891765 0.035651904 0.019375164 0.003119247 0.0741631 3.7531548 3.7095869 
9 2 30 "2" NA 0 0 1 0 NA 0 12 0 NA NA 72 96 4 500000 NA NA 12 348 2 0 0.9409564 0.0590436 1.0 1.0 0.013920324 6.1666636 2.7886143 7.659849e-4 7.659849e-4 7.659849e-4 0.0013317432 7.659849e-4 7.659849e-4 0.0013317432 0.10623594 0.0029557694 0.2737258 0.028777558 0.08223639 0.04493645 0.013920324 0.17727773 0.0015194799 0.24153326 7.659849e-4 0.0024228059 0.010946176 7.659849e-4 7.659849e-4 7.659849e-4 0.0024228059 7.659849e-4 7.659849e-4 0.013920324 6.1666636 2.7886143 
9 2 31 "2" NA 0 0 1 0 NA 0 12 0 NA NA 68 96 4 500000 NA NA 12 360 1 0 0.9285306 0.07146948 1.0 1.0 3.250773e-4 11.586929 2.906527 3.250773e-4 4.295419e-4 3.250773e-4 6.330815e-4 3.250773e-4 0.0026934415 8.316114e-4 9.294605e-4 0.046561833 3.250773e-4 0.073780544 0.1446499 0.08248893 0.15870489 0.061174136 0.34221014 7.328656e-4 0.04837352 0.007742479 6.330815e-4 0.015690692 3.250773e-4 0.0065766107 3.250773e-4 4.295419e-4 0.0027831057 3.250773e-4 11.586929 2.906527 
9 2 32 "2" NA 0 0 1 0 NA 0 12 0 NA NA 69 96 4 500000 NA NA 12 372 0 0 0.7534061 0.24659386 1.0 1.0 0.14068855 2.8294232 3.8457043 0.009789322 0.009789322 0.009789322 0.016978493 0.009789322 0.023258518 0.016978493 0.16650134 0.044587202 0.14068855 0.14068855 0.13399635 0.07530555 0.023258518 0.044498656 0.009789322 0.029020227 0.009789322 0.009789322 0.009789322 0.009789322 0.016978493 0.009789322 0.009789322 0.009789322 0.009789322 0.14068855 2.8294232 3.8457043 
9 3 1 "3" NA 0 0 1 0 NA 0 0 0 NA NA 72 96 4 500000 NA NA 12 0 0 0 0.5 0.5 1.0 1.0 0.038461525 4.7004404 4.700439 0.038461525 0.038461525 0.038461525 0.038461525 0.038461525 0.038461525 0.038461525 0.038461525 0.038461525 0.038461525 0.038461525 0.038461525 0.038461525 0.038461525 0.038461525 0.038461525 0.038461525 0.038461525 0.038461525 0.038461525 0.038461525 0.038461525 0.038461525 0.038461525 0.038461525 0.038461525 0.038461525 4.7004404 4.700439 
9 3 2 "3" NA 0 0 1 0 NA 0 12 0 NA NA 71 96 4 500000 NA NA 12 12 0 0 0.9631854 0.036814645 0.99999994 1.0 0.18035792 2.4710653 3.0030048 8.2890736e-4 0.0010559241 8.2890736e-4 0.0015047165 8.2890736e-4 0.0062481924 0.0019483694 0.0021686913 0.05439361 0.0010559241 0.064854994 0.010426798 0.18035792 0.23926044 0.003690895 0.22362594 0.0017270889 0.12239242 0.018407 0.0015047165 0.03815521 8.2890736e-4 0.015561442 8.2890736e-4 0.0010559241 0.0064592217 0.18035792 2.4710653 3.0030048 
9 3 3 "3" NA 0 0 1 0 NA 0 12 0 NA NA 66 96 4 500000 NA NA 12 24 1 0 0.98822165 0.011778419 1.0 1.0 0.00192536 9.020656 2.5195704 7.6177396e-4 6.780724e-4 7.6177396e-4 0.0030858999 7.6177396e-4 0.0012620074 0.0016000215 0.00192536 0.052670352 0.003003625 0.3901425 0.0039014523 0.11440071 0.27215284 0.004065475 0.0828311 0.0014281679 0.031342577 0.0063896445 0.0030095042 0.015030227 8.4536575e-4 0.004083049 6.780724e-4 0.0024269028 7.6177396e-4 0.00192536 9.020656 2.5195704 
9 3 4 "3" NA 0 0 1 0 NA 0 12 0 NA NA 65 96 4 500000 NA NA 12 36 1 0 0.97886044 0.021139588 1.0 1.0 0.01577712 5.986022 2.7628596 0.0031416693 0.0031416693 0.0019054675 0.0615166 0.0019054675 0.13917746 0.01577712 0.1959654 0.3980889 0.013992903 0.04392212 0.021695482 0.061747316 0.0031416693 0.013992903 0.0037555005 0.0012812469 0.0012812469 0.0019054675 0.004976974 0.0012812469 0.0012812469 0.0012812469 0.0012812469 0.0012812469 0.0012812469 0.01577712 5.986022 2.7628596 
9 3 5 "3" NA 0 0 1 0 NA 0 12 0 NA NA 64 96 4 500000 NA NA 12 48 1 0 0.99948186 5.180842e-4 1.0 1.0 0.120382644 3.0543008 1.5966942 0.0019030144 9.166133e-4 9.166133e-4 0.010774061 0.0028891372 0.120382644 0.05345035 0.72230464 0.0432763 9.166133e-4 0.009788686 0.0028891372 0.0028891372 0.012744676 9.166133e-4 0.0019030144 9.166133e-4 9.166133e-4 9.166133e-4 9.166133e-4 9.166133e-4 9.166133e-4 0.0028891372 9.166133e-4 9.166133e-4 9.166133e-4 0.120382644 3.0543008 1.5966942 
9 3 6 "3" NA 0 0 1 0 NA 0 12 0 NA NA 63 96 4 500000 NA NA 12 60 2 0 0.97637606 0.023623997 1.0 1.0 0.002092139 8.900805 2.8026466 0.0027185904 0.022517862 0.008858437 0.25058278 0.002092139 0.32034224 0.04252288 0.1082746 0.12879655 0.0048259827 0.053012185 8.2303915e-4 0.00457945 0.029732045 8.2303915e-4 0.008129339 8.2303915e-4 0.0039616683 8.2303915e-4 8.2303915e-4 8.2303915e-4 8.2303915e-4 8.2303915e-4 8.2303915e-4 8.2303915e-4 8.2303915e-4 0.002092139 8.900805 2.8026466 
9 3 7 "3" NA 0 0 1 0 NA 0 12 0 NA NA 61 96 4 500000 NA NA 12 72 1 0 0.9183943 0.081605695 1.0 1.0 0.009508267 6.7166023 3.506884 0.009508267 0.009508267 0.009508267 0.07568761 0.07568761 0.07568761 0.05465291 0.25084606 0.009508267 0.009508267 0.009508267 0.23212865 0.05465291 0.009508267 0.009508267 0.009508267 0.009508267 0.009508267 0.009508267 0.009508267 0.009508267 0.009508267 0.009508267 0.009508267 0.009508267 0.009508267 0.009508267 6.7166023 3.506884 
9 3 8 "3" NA 0 0 1 0 NA 0 12 0 NA NA 70 96 4 500000 NA NA 12 84 0 0 0.99669725 0.003302731 1.0 1.0 0.004493157 7.7980547 2.092083 0.06679724 0.004493157 0.05125618 0.66951895 0.004493157 0.08232623 0.020119017 0.004493157 0.004493157 0.004493157 0.020119017 0.004493157 0.004493157 0.004493157 0.004493157 0.004493157 0.004493157 0.004493157 0.004493157 0.004493157 0.004493157 0.004493157 0.004493157 0.004493157 0.004493157 0.004493157 0.004493157 7.7980547 2.092083 
9 3 9 "3" NA 0 0 1 0 NA 0 12 0 NA NA 69 96 4 500000 NA NA 12 96 0 0 0.8897221 0.11027786 1.0 1.0 0.12881085 2.9566739 3.6451197 0.0047317646 0.0047317646 0.0047317646 0.007982605 0.0047317646 0.0047317646 0.007982605 0.07582339 0.016964525 0.11303304 0.12881085 0.11756734 0.09232976 0.07582339 0.1919671 0.007982605 0.0637583 0.0047317646 0.014056967 0.01981126 0.0047317646 0.0047317646 0.0047317646 0.014056967 0.0047317646 0.0047317646 0.12881085 2.9566739 3.6451197 
9 3 10 "3" NA 0 0 1 0 NA 0 12 0 NA NA 67 96 4 500000 NA NA 12 108 1 0 0.965697 0.034303013 1.0 1.0 0.34367633 1.5408776 2.9846308 7.872239e-4 0.0036167367 0.0018334416 0.015576565 0.001051868 0.0048700036 0.021575712 0.027880104 0.34367633 0.0056162616 0.18907735 0.052344833 0.14313892 0.09024814 0.009572993 0.045553666 7.872239e-4 0.022494962 0.008080687 0.002091031 0.0028575475 7.872239e-4 0.0041196435 7.872239e-4 7.872239e-4 7.872239e-4 0.34367633 1.5408776 2.9846308 
9 3 11 "3" NA 0 0 1 0 NA 0 12 0 NA NA 62 96 4 500000 NA NA 12 120 2 0 0.921715 0.07828502 1.0 1.0 0.03867186 4.692572 3.406149 0.007951616 0.0028225447 0.0011098192 0.03867186 0.0012979625 0.046777107 0.054596994 0.1511417 0.22511621 0.0020305272 0.15190578 0.03443475 0.05987736 0.11357211 0.0011098192 0.0483806 0.0011098192 0.027219575 0.009541447 9.18912e-4 0.015063271 9.18912e-4 0.0014838085 9.18912e-4 0.0011098192 9.18912e-4 0.03867186 4.692572 3.406149 
9 3 12 "3" NA 0 0 1 0 NA 0 12 0 NA NA 68 96 4 500000 NA NA 12 132 2 0 0.95851165 0.04148836 1.0 1.0 7.8358053e-4 10.317631 3.0588713 0.09506885 0.076187536 0.02015273 0.27277076 0.0013764652 0.16128014 0.012954359 0.029981462 0.18692112 7.8358053e-4 0.029211277 0.0019581248 0.078527115 0.016219435 7.8358053e-4 0.007394723 7.8358053e-4 0.0013764652 7.8358053e-4 7.8358053e-4 7.8358053e-4 7.8358053e-4 7.8358053e-4 7.8358053e-4 7.8358053e-4 7.8358053e-4 7.8358053e-4 10.317631 3.0588713 
9 3 13 "3" NA 0 0 1 0 NA 0 12 0 NA NA 67 96 4 500000 NA NA 12 144 0 0 0.9167877 0.08321233 1.0 1.0 0.018250788 5.7758975 3.493187 0.0063672313 0.0063672313 0.0063672313 0.012443939 0.0063672313 0.018250788 0.012443939 0.20021406 0.018250788 0.16310623 0.16778359 0.15371448 0.07623892 0.018250788 0.040192876 0.0063672313 0.023891548 0.0063672313 0.0063672313 0.0063672313 0.0063672313 0.012443939 0.0063672313 0.0063672313 0.0063672313 0.0063672313 0.018250788 5.7758975 3.493187 
9 3 14 "3" NA 0 0 1 0 NA 0 12 0 NA NA 69 96 4 500000 NA NA 12 156 1 0 0.9020606 0.09793939 1.0 0.99999994 0.09942972 3.3301792 3.0635693 0.007044485 0.002881843 0.0013614489 0.041977484 0.0015869414 0.21400465 0.01729498 0.07111664 0.32286873 0.0024590273 0.09942972 0.0037085186 0.04955755 0.08605396 0.0013614489 0.02356829 0.0013614489 0.023901785 0.008921802 0.0011318037 0.01184133 0.0011318037 0.0018089953 0.0011318037 0.0013614489 0.0011318037 0.09942972 3.3301792 3.0635693 
9 3 15 "3" NA 0 0 1 0 NA 0 12 0 NA NA 70 96 4 500000 NA NA 12 168 1 0 0.9246744 0.07532562 0.99999994 1.0 0.0076098396 7.037918 2.836573 7.611693e-4 0.004186816 0.002660251 0.028308231 0.0010046101 0.006995123 0.01015142 0.054039724 0.2787528 0.004995517 0.17026211 0.0076098396 0.28958014 0.06402987 0.0012432873 0.037912298 7.611693e-4 0.016554404 0.007936019 0.0028819854 0.0026157263 7.611693e-4 0.0037128718 7.611693e-4 7.611693e-4 7.611693e-4 0.0076098396 7.037918 2.836573 
9 3 16 "3" NA 0 0 1 0 NA 0 12 0 NA NA 61 96 4 500000 NA NA 12 180 2 0 0.9516987 0.04830129 1.0 1.0 8.522664e-4 10.196407 2.6397784 8.522664e-4 8.522664e-4 8.522664e-4 0.0014911381 8.522664e-4 8.522664e-4 0.0014911381 0.01656833 0.040139187 0.025395686 0.25321183 0.14620416 0.038447455 0.37920895 0.04475115 0.020545911 0.013764781 8.522664e-4 0.0027313868 0.0039426144 8.522664e-4 8.522664e-4 8.522664e-4 0.0027313868 8.522664e-4 8.522664e-4 8.522664e-4 10.196407 2.6397784 
9 3 17 "3" NA 0 0 1 0 NA 0 12 0 NA NA 63 96 4 500000 NA NA 12 192 0 0 0.9791226 0.020877413 1.0 1.0 0.005623463 7.474325 2.3494236 0.06630961 0.005623463 0.051345263 0.62983984 0.005623463 0.08120164 0.021087732 0.005623463 0.005623463 0.005623463 0.021087732 0.0222822 0.005623463 0.005623463 0.005623463 0.005623463 0.005623463 0.005623463 0.005623463 0.005623463 0.005623463 0.005623463 0.005623463 0.005623463 0.005623463 0.005623463 0.005623463 7.474325 2.3494236 
9 3 18 "3" NA 0 0 1 0 NA 0 12 0 NA NA 64 96 4 500000 NA NA 12 204 0 0 0.41801858 0.5819815 1.0 0.99999994 0.058807686 4.0878515 4.379342 0.024496894 0.024496894 0.18921895 0.058807686 0.058807686 0.058807686 0.05089397 0.05089397 0.024496894 0.024496894 0.024496894 0.040732335 0.05089397 0.024496894 0.024496894 0.024496894 0.024496894 0.024496894 0.024496894 0.024496894 0.024496894 0.024496894 0.024496894 0.024496894 0.024496894 0.024496894 0.058807686 4.0878515 4.379342 
9 3 19 "3" NA 0 0 1 0 NA 0 12 0 NA NA 65 96 4 500000 NA NA 12 216 1 0 0.96338475 0.036615238 1.0 0.99999994 0.19627978 2.3490167 2.529616 0.0024207814 0.015012884 0.007765024 0.15477617 0.0026663758 0.06787038 0.19627978 0.4259763 0.06254438 0.0018694587 0.030146314 7.446243e-4 0.0040495964 0.014500578 7.446243e-4 0.0024207814 7.446243e-4 0.0035100544 7.446243e-4 7.446243e-4 7.446243e-4 7.446243e-4 7.446243e-4 7.446243e-4 7.446243e-4 7.446243e-4 0.19627978 2.3490167 2.529616 
9 3 20 "3" NA 0 0 1 0 NA 0 12 0 NA NA 66 96 4 500000 NA NA 12 228 2 0 0.9395309 0.06046905 1.0 1.0 0.035485566 4.8166237 2.7635784 0.003466756 0.0017446043 0.0017446043 0.025572436 0.005133021 0.20084971 0.04163281 0.035485566 0.23299134 0.0017446043 0.04700831 0.005133021 0.33446395 0.028531907 0.0017446043 0.011918172 0.0017446043 0.0017446043 0.0017446043 0.0017446043 0.0017446043 0.0017446043 0.005133021 0.0017446043 0.0017446043 0.0017446043 0.035485566 4.8166237 2.7635784 
9 3 21 "3" NA 0 0 1 0 NA 0 12 0 NA NA 71 96 4 500000 NA NA 12 240 1 0 0.8587144 0.14128561 1.0 1.0 0.009529166 6.713434 3.2339733 0.0028977254 0.0028977254 0.0018687554 0.02517644 0.0018687554 0.06823721 0.017902175 0.14330192 0.1378364 0.115051284 0.029307446 0.11857287 0.009529166 0.0028977254 0.244448 0.003388842 0.0013192901 0.0013192901 0.0018687554 0.062394597 0.0013192901 0.0013192901 0.0013192901 0.0013192901 0.0013192901 0.0013192901 0.009529166 6.713434 3.2339733 
9 3 22 "3" NA 0 0 1 0 NA 0 12 0 NA NA 72 96 4 500000 NA NA 12 252 1 0 0.9357171 0.06428291 0.99999994 1.0 0.098535605 3.343211 2.807484 0.0014620931 0.0013095158 0.0014620931 0.0040871967 0.0014620931 0.03919194 0.0014620931 0.004337482 0.07318029 0.003945379 0.35170072 0.006865695 0.2512344 0.098535605 0.0771695 0.04493678 0.0026511 0.013263673 0.0026511 0.0025048957 0.0063174004 0.0016135821 0.0029418843 0.0013095158 0.0029418843 0.0014620931 0.098535605 3.343211 2.807484 
9 3 23 "3" NA 0 0 1 0 NA 0 12 0 NA NA 66 96 4 500000 NA NA 12 264 1 0 0.90177107 0.09822893 1.0 1.0 0.0031419427 8.314128 2.975546 7.4627856e-4 9.361045e-4 7.4627856e-4 0.001986782 7.4627856e-4 0.007311349 0.0016611135 0.0031419427 0.057846766 9.361045e-4 0.07290669 0.00855993 0.2153605 0.18106431 0.004272676 0.2618941 0.002811166 0.104774 0.014140275 0.0013041811 0.03337104 7.4627856e-4 0.0159517 7.4627856e-4 9.361045e-4 0.0051017497 0.0031419427 8.314128 2.975546 
9 3 24 "3" NA 0 0 1 0 NA 0 12 0 NA NA 67 96 4 500000 NA NA 12 276 2 0 0.9787635 0.021236388 1.0 1.0 0.45629877 1.1319493 2.3692408 0.0019471247 0.0019471247 0.0011810177 0.022887325 0.0011810177 0.07131149 0.010637367 0.046885192 0.45629877 0.07095897 0.26943833 0.013443723 0.008317781 0.0019471247 0.008671156 0.0023275206 7.9415407e-4 7.9415407e-4 0.0011810177 0.003084459 7.9415407e-4 7.9415407e-4 7.9415407e-4 7.9415407e-4 7.9415407e-4 7.9415407e-4 0.45629877 1.1319493 2.3692408 
9 3 25 "3" NA 0 0 1 0 NA 0 12 0 NA NA 68 96 4 500000 NA NA 12 288 3 0 0.8525241 0.14747593 1.0 1.0 0.008085185 6.9505033 3.2137058 0.025511652 0.0022920214 0.0011283237 0.124647036 0.0013041821 0.071615584 0.012466113 0.08496401 0.17078637 0.008085185 0.28555995 0.0029089348 0.07274351 0.06853422 0.0011283237 0.02306733 0.0011283237 0.01854717 0.0066688317 9.4756566e-4 0.010518378 9.4756566e-4 0.0014760171 9.4756566e-4 0.0011283237 9.4756566e-4 0.008085185 6.9505033 3.2137058 
9 3 26 "3" NA 0 0 1 0 NA 0 12 0 NA NA 69 96 4 500000 NA NA 12 300 2 0 0.9995489 4.5112445e-4 1.0 1.0 0.7960945 0.32898846 1.3052255 8.99954e-4 8.99954e-4 8.99954e-4 0.0018685189 8.99954e-4 0.002836846 0.0018685189 0.03863241 0.0038095533 0.08552734 0.7960945 0.028960798 0.013482828 0.002836846 0.006708956 8.99954e-4 0.0038050206 8.99954e-4 8.99954e-4 8.99954e-4 8.99954e-4 0.0018685189 8.99954e-4 8.99954e-4 8.99954e-4 8.99954e-4 0.7960945 0.32898846 1.3052255 
9 3 27 "3" NA 0 0 1 0 NA 0 12 0 NA NA 71 96 4 500000 NA NA 12 312 3 0 0.993779 0.0062209317 0.99999994 1.0 0.098794125 3.3394308 1.9586623 3.641313e-4 0.0017487747 8.691686e-4 0.007858318 4.9066043e-4 0.005666452 0.0027505676 0.017567964 0.16200554 0.0027505676 0.6162596 0.002915846 0.098794125 0.032386154 6.1698316e-4 0.026132526 3.641313e-4 0.010635446 0.0039996128 9.950794e-4 0.0013722552 3.641313e-4 0.0019994976 3.641313e-4 3.641313e-4 3.641313e-4 0.098794125 3.3394308 1.9586623 
9 3 28 "3" NA 0 0 1 0 NA 0 12 0 NA NA 62 96 4 500000 NA NA 12 324 2 0 0.9941166 0.005883373 1.0 1.0 0.0044403397 7.8151145 1.9297879 5.2042864e-4 4.629239e-4 5.2042864e-4 0.0044403397 5.2042864e-4 0.001832265 5.2042864e-4 0.0023764262 0.12160754 0.002459336 0.10628243 0.0026914922 0.058756333 0.62794757 0.0061675785 0.041651886 9.793604e-4 0.008292185 9.793604e-4 0.0033348026 0.003907468 5.7789567e-4 0.0010938633 4.629239e-4 0.0010938633 5.2042864e-4 0.0044403397 7.8151145 1.9297879 
9 3 29 "3" NA 0 0 1 0 NA 0 12 0 NA NA 63 96 4 500000 NA NA 12 336 2 0 0.9267821 0.07321792 1.0 1.0 0.0011213105 9.800598 2.851023 0.050043687 0.04770955 0.012272436 0.17353371 0.0011213105 0.13661 0.0050517046 0.030568792 0.355633 0.0013603261 0.015052762 0.0015391421 0.11616253 0.041787922 6.904313e-4 0.0035279167 6.904313e-4 0.0011213105 6.904313e-4 6.904313e-4 6.904313e-4 6.904313e-4 6.904313e-4 6.904313e-4 6.904313e-4 6.904313e-4 0.0011213105 9.800598 2.851023 
9 3 30 "3" NA 0 0 1 0 NA 0 12 0 NA NA 65 96 4 500000 NA NA 12 348 1 0 0.8895321 0.1104679 1.0 1.0 0.04964104 4.3323226 3.3611202 0.0104735 0.0104735 0.039551806 0.06751636 0.41603222 0.10855016 0.04964104 0.04964104 0.0104735 0.0104735 0.0104735 0.03090355 0.04964104 0.0104735 0.0104735 0.0104735 0.0104735 0.0104735 0.0104735 0.0104735 0.0104735 0.0104735 0.0104735 0.0104735 0.0104735 0.0104735 0.04964104 4.3323226 3.3611202 
9 3 31 "3" NA 0 0 1 0 NA 0 12 0 NA NA 70 96 4 500000 NA NA 12 360 1 0 0.8998893 0.10011073 0.99999994 1.0 0.008036442 6.959227 3.09072 0.0055183065 0.002858661 0.002858661 0.026285568 0.008036442 0.22123297 0.04919105 0.06654398 0.091921225 0.002858661 0.22694758 0.008036442 0.21499158 0.030577201 0.002858661 0.0055183065 0.002858661 0.002858661 0.002858661 0.002858661 0.002858661 0.002858661 0.008036442 0.002858661 0.002858661 0.002858661 0.008036442 6.959227 3.09072 
9 3 32 "3" NA 0 0 1 0 NA 0 12 0 NA NA 64 96 4 500000 NA NA 12 372 1 0 0.8829514 0.11704861 1.0 1.0 0.0032814674 8.251444 3.150065 0.0032814674 0.0032814674 0.0067647975 0.005208508 0.0032814674 0.0032814674 0.005208508 0.045324508 0.010541681 0.0672075 0.30881986 0.23098674 0.055039294 0.045324508 0.11347403 0.005208508 0.038214814 0.0032814674 0.008815556 0.012230942 0.0032814674 0.0032814674 0.0032814674 0.008815556 0.0032814674 0.0032814674 0.0032814674 8.251444 3.150065 
9 4 1 "4" NA 0 0 1 0 NA 0 0 0 NA NA 65 96 4 500000 NA NA 12 0 0 0 0.5 0.5 1.0 1.0 0.038461525 4.7004404 4.700439 0.038461525 0.038461525 0.038461525 0.038461525 0.038461525 0.038461525 0.038461525 0.038461525 0.038461525 0.038461525 0.038461525 0.038461525 0.038461525 0.038461525 0.038461525 0.038461525 0.038461525 0.038461525 0.038461525 0.038461525 0.038461525 0.038461525 0.038461525 0.038461525 0.038461525 0.038461525 0.038461525 4.7004404 4.700439 
9 4 2 "4" NA 0 0 1 0 NA 0 12 0 NA NA 62 96 4 500000 NA NA 12 12 0 0 0.95179045 0.048209563 1.0 1.0 0.0470189 4.4106154 3.1831417 0.009021159 0.004499298 0.004499298 0.0470189 0.013425678 0.35322386 0.091230184 0.09913283 0.17673747 0.004499298 0.04291459 0.017756794 0.013425678 0.055174813 0.004499298 0.009021159 0.004499298 0.004499298 0.004499298 0.004499298 0.004499298 0.004499298 0.013425678 0.004499298 0.004499298 0.004499298 0.0470189 4.4106154 3.1831417 
9 4 3 "4" NA 0 0 1 0 NA 0 12 0 NA NA 61 96 4 500000 NA NA 12 24 1 0 0.9490438 0.050956253 1.0 1.0 0.013784875 6.1807704 3.1565752 0.08784974 0.09803756 0.013784875 0.17049864 0.0016447227 0.2502673 0.0936787 0.021347757 0.14467913 0.0011891474 0.016990986 0.0016447227 0.0337813 0.0068171457 7.237212e-4 0.04936204 7.237212e-4 0.0011891474 7.237212e-4 7.237212e-4 7.237212e-4 7.237212e-4 7.237212e-4 7.237212e-4 7.237212e-4 7.237212e-4 0.013784875 6.1807704 3.1565752 
9 4 4 "4" NA 0 0 1 0 NA 0 12 0 NA NA 67 96 4 500000 NA NA 12 36 1 0 0.99731344 0.002686514 1.0 1.0 0.0031851968 8.294402 2.0283751 0.06618672 0.0031851968 0.058702424 0.6682755 0.010714968 0.09012222 0.010714968 0.0031851968 0.0031851968 0.0031851968 0.027234793 0.010714968 0.0031851968 0.0031851968 0.0031851968 0.0031851968 0.0031851968 0.0031851968 0.0031851968 0.0031851968 0.0031851968 0.0031851968 0.0031851968 0.0031851968 0.0031851968 0.0031851968 0.0031851968 8.294402 2.0283751 
9 4 5 "4" NA 0 0 1 0 NA 0 12 0 NA NA 70 96 4 500000 NA NA 12 48 0 0 0.9263434 0.07365664 1.0 1.0 0.0053406674 7.548764 3.38639 0.010321556 0.0041220863 0.0019084559 0.049488712 0.0022337432 0.051507253 0.025960686 0.11089119 0.24912764 0.0038132034 0.156675 0.0053406674 0.07652671 0.13487318 0.0019084559 0.035673216 0.0019084559 0.036191687 0.013155591 0.0015786743 0.017594133 0.0015786743 0.002555292 0.0015786743 0.0019084559 0.0015786743 0.0053406674 7.548764 3.38639 
9 4 6 "4" NA 0 0 1 0 NA 0 12 0 NA NA 63 96 4 500000 NA NA 12 60 1 0 0.96517754 0.03482243 1.0 1.0 0.0017930429 9.123374 2.9886334 0.0017930429 0.0017930429 0.0028022649 0.0028022649 0.0017930429 0.0028022649 0.0028022649 0.027433509 0.11325301 0.042073272 0.30681983 0.09699211 0.03386624 0.23589 0.07441116 0.0028022649 0.022805667 0.0017930429 0.0047847615 0.0067371367 0.0017930429 0.0017930429 0.0017930429 0.0047847615 0.0017930429 0.0017930429 0.0017930429 9.123374 2.9886334 
9 4 7 "4" NA 0 0 1 0 NA 0 12 0 NA NA 64 96 4 500000 NA NA 12 72 0 0 0.7422934 0.25770658 1.0 1.0 0.11411988 3.131378 4.325688 0.01992229 0.01992229 0.049144324 0.09433983 0.09433983 0.11411988 0.09433983 0.07298534 0.01992229 0.01992229 0.01992229 0.049144324 0.07298534 0.01992229 0.01992229 0.01992229 0.01992229 0.01992229 0.01992229 0.01992229 0.01992229 0.01992229 0.01992229 0.01992229 0.01992229 0.01992229 0.11411988 3.131378 4.325688 
9 4 8 "4" NA 0 0 1 0 NA 0 12 0 NA NA 69 96 4 500000 NA NA 12 84 1 0 0.9915451 0.008454934 0.99999994 1.0 0.024350964 5.3598776 2.3950846 0.0018164428 0.011882172 0.0060284426 0.13114548 0.0018164428 0.05613895 0.31707168 0.37178075 0.051610127 0.0013921988 0.024350964 5.398049e-4 0.0030846768 0.011465059 5.398049e-4 0.0018164428 5.398049e-4 0.0026625434 5.398049e-4 5.398049e-4 5.398049e-4 5.398049e-4 5.398049e-4 5.398049e-4 5.398049e-4 5.398049e-4 0.024350964 5.3598776 2.3950846 
9 4 9 "4" NA 0 0 1 0 NA 0 12 0 NA NA 68 96 4 500000 NA NA 12 96 1 0 0.9656036 0.034396384 1.0 1.0 0.0054081213 7.530657 2.9938672 7.581927e-4 0.017399961 0.02258337 0.02852311 0.008187936 0.011695473 0.019230071 0.07283797 0.36675477 0.0054081213 0.18256818 0.005646855 0.1436079 0.04266209 0.0012656159 0.0364907 7.581927e-4 0.014075204 0.0077809417 0.0020137283 0.0027518251 7.581927e-4 0.0039670873 7.581927e-4 7.581927e-4 7.581927e-4 0.0054081213 7.530657 2.9938672 
9 4 10 "4" NA 0 0 1 0 NA 0 12 0 NA NA 59 96 4 500000 NA NA 12 108 1 0 0.99835896 0.001641029 0.99999994 1.0 0.0011405795 9.776017 1.8856938 0.0011405795 0.0011405795 0.0011405795 0.0023660562 0.0011405795 0.003590438 0.0023660562 0.048743133 0.00481412 0.120182544 0.64902997 0.036552843 0.09827398 0.003590438 0.008482455 0.0011405795 0.00481412 0.0011405795 0.0011405795 0.0011405795 0.0011405795 0.0023660562 0.0011405795 0.0011405795 0.0011405795 0.0011405795 0.0011405795 9.776017 1.8856938 
9 4 11 "4" NA 0 0 1 0 NA 0 12 0 NA NA 66 96 4 500000 NA NA 12 120 0 0 0.98720783 0.012792156 1.0 1.0 0.0109582385 6.5118403 2.5496564 0.1826398 0.21835983 0.023254117 0.37239176 0.004747567 0.03850443 0.0016049191 0.0109582385 0.11090223 0.0016049191 0.0016049191 0.0016049191 0.0109582385 0.0016049191 0.0016049191 0.0016049191 0.0016049191 0.0016049191 0.0016049191 0.0016049191 0.0016049191 0.0016049191 0.0016049191 0.0016049191 0.0016049191 0.0016049191 0.0109582385 6.5118403 2.5496564 
9 4 12 "4" NA 0 0 1 0 NA 0 12 0 NA NA 60 96 4 500000 NA NA 12 132 1 0 0.9918604 0.008139571 1.0 1.0 0.0029983798 8.381601 2.3886952 0.0029983798 0.0029983798 0.0018065238 0.03642573 0.0018065238 0.23576982 0.015970515 0.07533838 0.49969304 0.013622279 0.043413304 0.021244217 0.012446946 0.0029983798 0.013622279 0.00359272 0.0012083306 0.0012083306 0.0018065238 0.004779089 0.0012083306 0.0012083306 0.0012083306 0.0012083306 0.0012083306 0.0012083306 0.0029983798 8.381601 2.3886952 
9 4 13 "4" NA 0 0 1 0 NA 0 12 0 NA NA 59 96 4 500000 NA NA 12 144 1 0 0.9925297 0.007470342 1.0 1.0 0.25417688 1.9760953 2.3487928 0.25417688 0.09473726 0.0028888795 0.31880638 0.0028888795 0.2634166 9.708957e-4 9.708957e-4 0.01993032 9.708957e-4 0.016159557 9.708957e-4 9.708957e-4 0.010490242 9.708957e-4 9.708957e-4 9.708957e-4 9.708957e-4 9.708957e-4 9.708957e-4 9.708957e-4 9.708957e-4 9.708957e-4 9.708957e-4 9.708957e-4 9.708957e-4 0.25417688 1.9760953 2.3487928 
9 4 14 "4" NA 0 0 1 0 NA 0 12 0 NA NA 68 96 4 500000 NA NA 12 156 1 0 0.9624447 0.03755528 1.0 1.0 0.0012263124 9.671457 2.5325434 0.19689626 0.21381007 0.020067671 0.35959205 0.007154703 0.033934563 0.0012263124 0.011221476 0.12146202 0.0012263124 0.0012263124 0.0012263124 0.0150136035 0.0012263124 0.0012263124 0.0012263124 0.0012263124 0.0012263124 0.0012263124 0.0012263124 0.0012263124 0.0012263124 0.0012263124 0.0012263124 0.0012263124 0.0012263124 0.0012263124 9.671457 2.5325434 
9 4 15 "4" NA 0 0 1 0 NA 0 12 0 NA NA 69 96 4 500000 NA NA 12 168 0 0 0.72192365 0.2780764 1.0 0.99999994 0.13708329 2.8668752 3.9742463 0.03789043 0.011321395 0.011321395 0.0181894 0.011321395 0.02415728 0.0181894 0.1541106 0.029599106 0.13122642 0.13708329 0.12526703 0.07241025 0.02415728 0.044074558 0.011321395 0.029599106 0.011321395 0.011321395 0.011321395 0.011321395 0.0181894 0.011321395 0.011321395 0.011321395 0.011321395 0.13708329 2.8668752 3.9742463 
9 4 16 "4" NA 0 0 1 0 NA 0 12 0 NA NA 64 96 4 500000 NA NA 12 180 1 0 0.893354 0.10664608 1.0 1.0 0.01615877 5.9515386 3.1059868 0.0013669287 0.005602166 0.0029881962 0.021627413 0.0017872285 0.01615877 0.008417214 0.044610005 0.24993253 0.011607937 0.2053656 0.008760421 0.2171907 0.0773793 0.0021959292 0.063764885 0.0013669287 0.028426155 0.011785096 0.0033746248 0.004505032 0.0013669287 0.006319213 0.0013669287 0.0013669287 0.0013669287 0.01615877 5.9515386 3.1059868 
9 4 17 "4" NA 0 0 1 0 NA 0 12 0 NA NA 63 96 4 500000 NA NA 12 192 2 0 0.92824894 0.071751066 1.0 1.0 0.003640295 8.101729 2.85795 0.003640295 0.021122316 0.011190838 0.21995217 0.003640295 0.31148225 0.041459218 0.12597105 0.14630443 0.0028378565 0.06428927 0.0011689392 0.005976448 0.020427378 0.0011689392 0.003640295 0.0011689392 0.005207269 0.0011689392 0.0011689392 0.0011689392 0.0011689392 0.0011689392 0.0011689392 0.0011689392 0.0011689392 0.003640295 8.101729 2.85795 
9 4 18 "4" NA 0 0 1 0 NA 0 12 0 NA NA 70 96 4 500000 NA NA 12 204 1 0 0.6562218 0.34377828 1.0 1.0 0.110044785 3.1838374 4.002685 0.014316129 0.014316129 0.110044785 0.056607172 0.056607172 0.18970546 0.056607172 0.117576346 0.014316129 0.014316129 0.014316129 0.110044785 0.045116585 0.014316129 0.014316129 0.014316129 0.014316129 0.014316129 0.014316129 0.014316129 0.014316129 0.014316129 0.014316129 0.014316129 0.014316129 0.014316129 0.110044785 3.1838374 4.002685 
9 4 19 "4" NA 0 0 1 0 NA 0 12 0 NA NA 67 96 4 500000 NA NA 12 216 1 0 0.9252707 0.07472936 1.0 0.99999994 0.01020391 6.614734 2.9669468 0.003692329 0.003692329 0.005373193 0.005373193 0.0065445807 0.005373193 0.005373193 0.043840952 0.01020391 0.46127534 0.07659279 0.06853448 0.053550933 0.043840952 0.11340474 0.005373193 0.036798917 0.003692329 0.008619905 0.011768212 0.003692329 0.003692329 0.003692329 0.008619905 0.003692329 0.003692329 0.01020391 6.614734 2.9669468 
9 4 20 "4" NA 0 0 1 0 NA 0 12 0 NA NA 61 96 4 500000 NA NA 12 228 1 0 0.95676607 0.043234017 1.0 1.0 6.066079e-4 10.686948 2.621207 0.0034677389 0.0013437752 6.066079e-4 0.017505111 7.136807e-4 0.01824304 0.46723077 0.040277556 0.09292502 0.0012399055 0.057556633 0.181867 0.027459264 0.04930423 6.066079e-4 0.012483375 6.066079e-4 0.012670811 0.0044552498 4.986691e-4 0.006015561 4.986691e-4 8.2002976e-4 4.986691e-4 6.066079e-4 4.986691e-4 6.066079e-4 10.686948 2.621207 
9 4 21 "4" NA 0 0 1 0 NA 0 12 0 NA NA 62 96 4 500000 NA NA 12 240 1 0 0.9817219 0.018278101 1.0 1.0 0.3105198 1.6872429 2.2776403 0.033482786 0.0038727613 0.49188703 0.3105198 0.011387311 0.040773578 0.011387311 0.0038727613 0.0119500635 0.0038727613 0.011387311 0.011387311 0.0038727613 0.0038727613 0.0038727613 0.0038727613 0.0038727613 0.0038727613 0.0038727613 0.0038727613 0.0038727613 0.0038727613 0.0038727613 0.0038727613 0.0038727613 0.0038727613 0.3105198 1.6872429 2.2776403 
9 4 22 "4" NA 0 0 1 0 NA 0 12 0 NA NA 65 96 4 500000 NA NA 12 252 1 0 0.8970109 0.102989085 1.0 0.99999994 0.008584821 6.863996 3.0691915 0.067496635 0.081012405 0.04387965 0.30105385 0.0027173944 0.1923733 0.008584821 0.036790002 0.14100035 0.0019999468 0.024698887 0.0027173944 0.06468407 0.010418532 0.0012507725 0.006064853 0.0012507725 0.0019999468 0.0012507725 0.0012507725 0.0012507725 0.0012507725 0.0012507725 0.0012507725 0.0012507725 0.0012507725 0.008584821 6.863996 3.0691915 
9 4 23 "4" NA 0 0 1 0 NA 0 12 0 NA NA 69 96 4 500000 NA NA 12 264 1 0 0.99766344 0.002336579 1.0 0.99999994 0.010934285 6.514997 1.6568997 0.002132073 0.0010283083 0.0010283083 0.013212464 0.0032344342 0.69792336 0.15752058 0.026298301 0.048210494 0.0010283083 0.010934285 0.0043358984 0.0032344342 0.014229388 0.0010283083 0.002132073 0.0010283083 0.0010283083 0.0010283083 0.0010283083 0.0010283083 0.0010283083 0.0032344342 0.0010283083 0.0010283083 0.0010283083 0.010934285 6.514997 1.6568997 
9 4 24 "4" NA 0 0 1 0 NA 0 12 0 NA NA 75 96 4 500000 NA NA 12 276 1 0 0.94633776 0.053662285 1.0 1.0 8.6812634e-4 10.169807 2.7848415 8.6812634e-4 0.0038683526 0.0019878843 0.016179608 0.0011532478 0.052437227 0.00595422 0.028623478 0.34778443 0.007002695 0.23966508 0.006211705 0.1721702 0.038210012 0.0014343838 0.038673855 8.6812634e-4 0.015203547 0.008504689 0.0022612049 0.0030708164 8.6812634e-4 0.0043947613 8.6812634e-4 8.6812634e-4 8.6812634e-4 8.6812634e-4 10.169807 2.7848415 
9 4 25 "4" NA 0 0 1 0 NA 0 12 0 NA NA 74 96 4 500000 NA NA 12 288 0 0 0.9409596 0.059040446 1.0 1.0 0.08709215 3.5213134 3.2618537 0.0022644836 0.0022644836 0.0022644836 0.0022644836 0.0022644836 0.0022644836 0.0022644836 0.004201116 0.0022644836 0.0022644836 0.0022644836 0.013315406 0.016829325 0.011537183 0.24316524 0.08709215 0.1397447 0.076030746 0.2120505 0.06486703 0.004201116 0.0355198 0.0022644836 0.025432233 0.0388398 0.0022644836 0.08709215 3.5213134 3.2618537 
9 4 26 "4" NA 0 0 1 0 NA 0 12 0 NA NA 67 96 4 500000 NA NA 12 300 1 0 0.96469 0.035309933 1.0 1.0 0.023193926 5.430109 2.9869258 1.5104485e-4 1.5104485e-4 1.5104485e-4 4.5063757e-4 1.5104485e-4 2.1199569e-4 2.1199569e-4 7.4246054e-4 0.023193926 1.5104485e-4 0.004513952 0.043658692 0.021348497 0.14788416 0.05927788 0.13513224 0.36045808 0.07882149 0.037754383 0.044605654 0.02083644 1.5104485e-4 0.017553536 1.5104485e-4 0.0013712823 9.154077e-4 0.023193926 5.430109 2.9869258 
9 4 27 "4" NA 0 0 1 0 NA 0 12 0 NA NA 66 96 4 500000 NA NA 12 312 2 0 0.9782165 0.021783417 1.0 1.0 0.017355936 5.848427 2.3851101 0.0014143395 5.3654093e-4 2.9495044e-4 0.0074034818 0.003899858 0.007722722 0.010766114 0.017355936 0.5655585 4.941759e-4 0.055398818 7.846143e-4 0.08586971 0.088492386 2.3792469e-4 0.049635235 2.3792469e-4 0.049711764 0.026111675 1.9473137e-4 0.026732616 1.9473137e-4 3.2381475e-4 1.9473137e-4 2.3792469e-4 1.9473137e-4 0.017355936 5.848427 2.3851101 
9 4 28 "4" NA 0 0 1 0 NA 0 12 0 NA NA 73 96 4 500000 NA NA 12 324 1 0 0.97408974 0.025910342 1.0 0.99999994 0.0049728546 7.6517096 2.3910623 0.0070874984 0.0078123994 6.837852e-4 0.048813436 6.837852e-4 0.29626572 0.009712259 0.10050518 0.41757855 0.0049728546 0.06043662 0.0076937657 0.016172208 0.005125959 0.0049728546 0.005336285 4.6067114e-4 4.6067114e-4 6.837852e-4 0.001777671 4.6067114e-4 4.6067114e-4 4.6067114e-4 4.6067114e-4 4.6067114e-4 4.6067114e-4 0.0049728546 7.6517096 2.3910623 
9 4 29 "4" NA 0 0 1 0 NA 0 12 0 NA NA 74 96 4 500000 NA NA 12 336 1 0 0.96496266 0.035037395 1.0 1.0 0.033672154 4.8923 3.001467 0.0013220353 0.0013220353 0.0013220353 0.0013220353 0.0013220353 0.0013220353 0.0013220353 0.03700233 0.0013220353 0.010599518 0.0056793545 0.071125485 0.058092866 0.008504092 0.368111 0.033672154 0.15547049 0.0042487336 0.011987932 0.15673257 0.002800025 0.02089409 0.0035271002 0.026974306 0.0126799075 0.0013220353 0.033672154 4.8923 3.001467 
9 4 30 "4" NA 0 0 1 0 NA 0 12 0 NA NA 71 96 4 500000 NA NA 12 348 1 0 0.9138876 0.08611236 1.0 1.0 0.070326544 3.8297868 2.9576511 5.9444684e-4 5.9444684e-4 5.9444684e-4 0.0016743093 5.9444684e-4 8.195615e-4 8.195615e-4 0.0026869664 0.050425313 5.9444684e-4 0.016990537 0.002884727 0.070326544 0.23271398 0.012080306 0.21276195 0.010043495 0.24962372 0.033833798 0.006470841 0.06700349 5.9444684e-4 0.014254751 5.9444684e-4 0.007148423 0.0032765314 0.070326544 3.8297868 2.9576511 
9 4 31 "4" NA 0 0 1 0 NA 0 12 0 NA NA 76 96 4 500000 NA NA 12 360 2 0 0.99817234 0.0018276767 1.0 1.0 0.01576543 5.9870915 1.91568 6.174811e-4 5.4899027e-4 6.174811e-4 0.0025372375 6.174811e-4 0.0010281748 6.174811e-4 0.0016436671 0.07547832 0.002400617 0.086588934 0.003214897 0.055995885 0.66179603 0.0045904666 0.05963204 0.0011649983 0.01576543 0.0011649983 0.0010965905 0.011606298 6.859581e-4 0.00502082 5.4899027e-4 0.0037820344 0.00123866 0.01576543 5.9870915 1.91568 
9 4 32 "4" NA 0 0 1 0 NA 0 12 0 NA NA 72 96 4 500000 NA NA 12 372 2 0 0.98186886 0.018131187 1.0 1.0 0.074360855 3.7493129 2.6848166 2.448168e-4 2.448168e-4 2.448168e-4 2.448168e-4 2.448168e-4 2.448168e-4 2.448168e-4 4.835185e-4 0.0058867964 3.6453537e-4 0.004523617 2.448168e-4 0.022078214 0.074360855 0.0013055099 0.36988616 0.0064655533 0.215938 0.10659559 0.073615775 0.089091845 3.6453537e-4 0.020996276 4.835185e-4 0.0013055099 0.004295735 0.074360855 3.7493129 2.6848166 
9 5 1 "5" NA 0 0 1 0 NA 0 0 0 NA NA 73 96 4 500000 NA NA 12 0 0 0 0.5 0.5 1.0 1.0 0.038461525 4.7004404 4.700439 0.038461525 0.038461525 0.038461525 0.038461525 0.038461525 0.038461525 0.038461525 0.038461525 0.038461525 0.038461525 0.038461525 0.038461525 0.038461525 0.038461525 0.038461525 0.038461525 0.038461525 0.038461525 0.038461525 0.038461525 0.038461525 0.038461525 0.038461525 0.038461525 0.038461525 0.038461525 0.038461525 4.7004404 4.700439 
9 5 2 "5" NA 0 0 1 0 NA 0 12 0 NA NA 79 96 4 500000 NA NA 12 12 0 0 0.90296876 0.09703126 1.0 1.0 0.0059813014 7.385325 3.5780046 0.002963572 0.002963572 0.002963572 0.002963572 0.002963572 0.002963572 0.002963572 0.028314404 0.002963572 0.020786356 0.011593132 0.08803083 0.06583678 0.016914759 0.2369957 0.062443063 0.12342521 0.008836061 0.02332395 0.15979744 0.0059813014 0.039226577 0.007423534 0.049817365 0.02458149 0.002963572 0.0059813014 7.385325 3.5780046 
9 5 3 "5" NA 0 0 1 0 NA 0 12 0 NA NA 77 96 4 500000 NA NA 12 24 1 0 0.9836356 0.016364357 0.99999994 1.0 0.11282444 3.1478484 2.6437957 1.8058486e-4 1.8058486e-4 1.8058486e-4 1.8058486e-4 1.8058486e-4 1.8058486e-4 1.8058486e-4 1.8058486e-4 0.0092351595 1.8058486e-4 0.0010176889 1.8058486e-4 0.010431815 0.018492268 3.2194064e-4 0.032498274 1.8058486e-4 0.28058285 0.11282444 0.059976026 0.33921286 0.0054936446 0.09146742 7.408501e-4 0.008702503 0.027015736 0.11282444 3.1478484 2.6437957 
9 5 4 "5" NA 0 0 1 0 NA 0 12 0 NA NA 80 96 4 500000 NA NA 12 36 1 0 0.9976271 0.0023729631 1.0 1.0 0.0038401855 8.024608 1.9888964 1.8988951e-4 1.8988951e-4 1.8988951e-4 1.8988951e-4 1.8988951e-4 1.8988951e-4 4.2891785e-4 1.8988951e-4 0.0035629796 5.085105e-4 0.0042757047 2.6961812e-4 0.0048298487 0.0029423684 0.0018587989 0.12073079 0.015353049 0.60883856 0.1251293 0.020968378 0.061633397 0.0038401855 0.019127745 0.001938127 0.0011311943 0.0013032533 0.0038401855 8.024608 1.9888964 
9 5 5 "5" NA 0 0 1 0 NA 0 12 0 NA NA 78 96 4 500000 NA NA 12 48 1 0 0.9789905 0.021009544 0.99999994 1.0 0.3303018 1.5981432 2.7530923 0.0010570266 0.0010570266 0.0010570266 0.0010570266 0.0010570266 0.0010570266 0.0010570266 0.0010570266 0.0010570266 0.006147715 0.0010570266 0.0018792965 0.0018792965 0.0010570266 0.06475717 0.005349393 0.013255729 0.004307657 0.038783196 0.3303018 0.01771068 0.19872148 0.044903442 0.22354881 0.03494767 0.0018792965 0.3303018 1.5981432 2.7530923 
9 5 6 "5" NA 0 0 1 0 NA 0 12 0 NA NA 74 96 4 500000 NA NA 12 60 2 0 0.9553131 0.044686954 0.99999994 1.0 0.007811144 7.0002503 3.0970147 4.045442e-4 4.045442e-4 4.045442e-4 4.045442e-4 4.045442e-4 4.045442e-4 4.045442e-4 4.045442e-4 4.045442e-4 0.012422415 8.504047e-4 0.011146464 0.0021354582 0.0027624425 0.06510405 0.007811144 0.0598703 0.06020444 0.30603722 0.16120756 0.08482091 0.12420282 0.008994739 0.07482753 0.012892379 0.001068757 0.007811144 7.0002503 3.0970147 
9 5 7 "5" NA 0 0 1 0 NA 0 12 0 NA NA 81 96 4 500000 NA NA 12 72 1 0 0.9659583 0.03404168 1.0 1.0 0.014581977 6.09967 2.9639332 3.6215162e-4 3.6215162e-4 3.6215162e-4 0.0010820237 3.6215162e-4 5.0851685e-4 5.0851685e-4 0.0017838893 0.021442931 3.6215162e-4 0.010871319 0.0019229485 0.093860105 0.20300052 0.021967132 0.21222463 0.007188147 0.24468155 0.022717245 0.019540602 0.10643896 3.6215162e-4 0.014581977 3.6215162e-4 0.010943896 0.0022000307 0.014581977 6.09967 2.9639332 
9 5 8 "5" NA 0 0 1 0 NA 0 12 0 NA NA 82 96 4 500000 NA NA 12 84 2 0 0.9921303 0.0078697195 1.0 1.0 0.0043298183 7.8514776 2.3692663 3.2030317e-4 3.2030317e-4 3.2030317e-4 3.2030317e-4 3.2030317e-4 3.2030317e-4 3.2030317e-4 3.2030317e-4 0.0010785927 3.2030317e-4 5.738848e-4 3.2030317e-4 0.0013301653 0.0028333096 3.2030317e-4 0.014939643 0.0013301653 0.01719293 0.03336754 0.29595107 0.40332204 0.006567119 0.10564191 0.0043298183 0.08085145 0.027166974 0.0043298183 7.8514776 2.3692663 
9 5 9 "5" NA 0 0 1 0 NA 0 12 0 NA NA 76 96 4 500000 NA NA 12 96 1 0 0.97643733 0.023562664 1.0 1.0 7.3955493e-4 10.401055 2.7986465 7.3955493e-4 7.3955493e-4 7.3955493e-4 7.3955493e-4 7.3955493e-4 7.3955493e-4 7.3955493e-4 0.0016325054 7.3955493e-4 7.3955493e-4 7.3955493e-4 0.02020715 7.3955493e-4 7.3955493e-4 0.009390108 0.01770301 0.011084553 7.3955493e-4 0.021040153 0.089585446 7.3955493e-4 0.3433042 0.08827875 0.2139068 0.1294958 0.044017814 7.3955493e-4 10.401055 2.7986465 
9 5 10 "5" NA 0 0 1 0 NA 0 12 0 NA NA 75 96 4 500000 NA NA 12 108 0 0 0.9765278 0.023472192 1.0 1.0 0.006528613 7.259008 2.7907867 3.6819658e-4 3.6819658e-4 3.6819658e-4 3.6819658e-4 3.6819658e-4 3.6819658e-4 3.6819658e-4 7.245116e-4 0.008701781 5.4706476e-4 0.006696334 3.6819658e-4 0.00568839 0.10572908 0.0019456596 0.30911255 0.006528613 0.20171377 0.14947109 0.050060432 0.1156037 5.4706476e-4 0.024953535 7.245116e-4 0.0019456596 0.006360788 0.006528613 7.259008 2.7907867 
9 5 11 "5" NA 0 0 1 0 NA 0 12 0 NA NA 72 96 4 500000 NA NA 12 120 1 0 0.9813405 0.018659439 1.0 1.0 0.0032866136 8.249182 2.7023299 6.0155045e-4 6.0155045e-4 6.0155045e-4 6.0155045e-4 6.0155045e-4 6.0155045e-4 6.0155045e-4 0.0011460024 6.0155045e-4 6.0155045e-4 6.0155045e-4 0.0038165844 0.02586813 0.0032866136 0.13954392 0.027568176 0.10535503 0.42329386 0.06844581 0.08144891 0.0011460024 0.0106188515 6.0155045e-4 0.007494889 0.093748555 6.0155045e-4 0.0032866136 8.249182 2.7023299 
9 5 12 "5" NA 0 0 1 0 NA 0 12 0 NA NA 71 96 4 500000 NA NA 12 132 1 0 0.9771551 0.022844914 1.0 1.0 0.1901207 2.3950126 2.7816541 4.0114028e-4 5.127991e-4 4.0114028e-4 7.345131e-4 4.0114028e-4 0.0031136225 9.546485e-4 0.0011735925 0.02796982 5.127991e-4 0.033434376 0.005234654 0.1901207 0.1257023 0.1958722 0.30697086 8.447489e-4 0.06368022 0.009317511 7.345131e-4 0.019519206 4.0114028e-4 0.007857945 4.0114028e-4 5.127991e-4 0.0032203344 0.1901207 2.3950126 2.7816541 
9 5 13 "5" NA 0 0 1 0 NA 0 12 0 NA NA 75 96 4 500000 NA NA 12 144 2 0 0.99392927 0.0060707605 1.0 1.0 9.541214e-4 10.03354 2.2803 5.070771e-4 4.5105765e-4 5.070771e-4 0.0020335226 5.070771e-4 8.425119e-4 9.7643427e-4 0.0018113382 0.032735825 0.0019224499 0.23245877 0.0026216307 0.069762304 0.16380687 0.0027324979 0.44665542 9.541214e-4 0.018716637 0.003751316 0.0018335647 0.008891602 5.630588e-4 0.0024663701 4.5105765e-4 0.0015333702 5.070771e-4 9.541214e-4 10.03354 2.2803 
9 5 14 "5" NA 0 0 1 0 NA 0 12 0 NA NA 76 96 4 500000 NA NA 12 156 1 0 0.9508041 0.049195983 0.99999994 1.0 0.028039845 5.156378 2.6588655 8.049896e-4 8.049896e-4 8.049896e-4 8.049896e-4 8.049896e-4 8.049896e-4 8.049896e-4 0.0015031202 8.049896e-4 8.049896e-4 8.049896e-4 0.0048219725 0.0061094365 0.0054904707 0.3634353 0.032751907 0.051866546 0.028039845 0.07904711 0.23519178 0.0015031202 0.15708348 8.049896e-4 0.00927246 0.01422366 8.049896e-4 0.028039845 5.156378 2.6588655 
9 5 15 "5" NA 0 0 1 0 NA 0 12 0 NA NA 82 96 4 500000 NA NA 12 168 1 0 0.8440025 0.1559975 1.0 1.0 9.0828945e-4 10.10456 3.269449 5.060043e-4 5.060043e-4 5.060043e-4 5.060043e-4 5.060043e-4 5.060043e-4 5.060043e-4 9.0828945e-4 0.019861834 7.124849e-4 0.006207926 5.060043e-4 0.00539155 0.08493809 0.026571687 0.18534675 0.04440459 0.18727396 0.090913974 0.1544708 0.09855366 7.124849e-4 0.06830881 9.0828945e-4 0.0021331536 0.01833368 9.0828945e-4 10.10456 3.269449 
9 5 16 "5" NA 0 0 1 0 NA 0 12 0 NA NA 81 96 4 500000 NA NA 12 180 1 0 0.9637648 0.036235254 0.99999994 1.0 0.23367982 2.097395 2.5020368 6.639367e-4 6.639367e-4 6.639367e-4 6.639367e-4 6.639367e-4 6.639367e-4 6.639367e-4 0.0013429056 6.639367e-4 6.639367e-4 6.639367e-4 0.0039635785 6.639367e-4 6.639367e-4 0.007146218 0.0020085925 0.008402697 0.0014776641 0.004606046 0.06553466 6.639367e-4 0.23671927 0.23367982 0.114259966 0.30133185 0.010895482 0.23367982 2.097395 2.5020368 
9 5 17 "5" NA 0 0 1 0 NA 0 12 0 NA NA 74 96 4 500000 NA NA 12 192 2 0 0.9880348 0.011965278 1.0 1.0 0.009564631 6.708075 2.1200132 3.1743126e-4 3.1743126e-4 3.1743126e-4 3.1743126e-4 3.1743126e-4 3.1743126e-4 3.1743126e-4 3.1743126e-4 0.001063578 3.1743126e-4 5.673719e-4 3.1743126e-4 0.001310514 0.002782752 3.1743126e-4 0.009564631 0.001310514 0.016760921 0.027487336 0.012449049 0.5904493 0.02329956 0.13206352 0.09065159 0.075259045 0.011488582 0.009564631 6.708075 2.1200132 
9 5 18 "5" NA 0 0 1 0 NA 0 12 0 NA NA 78 96 4 500000 NA NA 12 204 1 0 0.9430519 0.056948114 1.0 1.0 0.021271944 5.5549045 2.7195654 2.0797733e-4 2.0797733e-4 2.0797733e-4 6.054678e-4 2.0797733e-4 2.8969144e-4 2.8969144e-4 9.864462e-4 0.011178435 2.0797733e-4 0.005759366 0.0010614514 0.043878477 0.09705697 0.0037763692 0.31895658 0.0038456514 0.26905042 0.09764294 0.021271944 0.09371613 2.0797733e-4 0.026170628 2.0797733e-4 0.00179701 0.0012105281 0.021271944 5.5549045 2.7195654 
9 5 19 "5" NA 0 0 1 0 NA 0 12 0 NA NA 80 96 4 500000 NA NA 12 216 2 0 0.9403901 0.05960983 1.0 1.0 0.065851845 3.9246323 2.7794569 5.155943e-4 5.155943e-4 5.155943e-4 5.155943e-4 5.155943e-4 5.155943e-4 5.155943e-4 5.155943e-4 5.155943e-4 0.0013416226 0.0010713404 0.00491613 0.0026518349 0.0010713404 0.016254961 0.036622312 0.018991182 0.10643432 0.088605896 0.11596967 0.4369339 0.065851845 0.06297154 0.025062028 0.00926814 0.0013416226 0.065851845 3.9246323 2.7794569 
9 5 20 "5" NA 0 0 1 0 NA 0 12 0 NA NA 77 96 4 500000 NA NA 12 228 2 0 0.9648027 0.035197396 1.0 1.0 0.03736529 4.7421575 2.4969866 4.573606e-4 4.573606e-4 4.573606e-4 4.573606e-4 4.573606e-4 4.573606e-4 4.573606e-4 4.573606e-4 4.573606e-4 0.0011498102 4.573606e-4 8.063923e-4 8.063923e-4 4.573606e-4 0.025869405 8.063923e-4 0.0071436614 0.004893866 0.03736529 0.16035978 0.0073564323 0.123950444 0.3503156 0.2530796 0.020259567 8.063923e-4 0.03736529 4.7421575 2.4969866 
9 5 21 "5" NA 0 0 1 0 NA 0 12 0 NA NA 79 96 4 500000 NA NA 12 240 2 0 0.99840945 0.0015905518 1.0 1.0 0.012253666 6.350643 1.5658348 5.5137847e-5 5.5137847e-5 5.5137847e-5 5.5137847e-5 5.5137847e-5 5.5137847e-5 1.246238e-4 5.5137847e-5 2.8654438e-4 1.4776952e-4 4.9451034e-4 7.831005e-5 6.561595e-4 3.5588685e-4 0.06171147 0.008368878 0.021471955 0.02777691 0.09843954 0.7283292 0.012253666 0.027501948 0.0018325116 0.009326892 7.831005e-5 3.789959e-4 0.012253666 6.350643 1.5658348 
9 5 22 "5" NA 0 0 1 0 NA 0 12 0 NA NA 73 96 4 500000 NA NA 12 252 1 0 0.8838563 0.11614364 1.0 1.0 5.025569e-4 10.9584255 3.0197978 2.9892416e-4 2.9892416e-4 2.9892416e-4 2.9892416e-4 2.9892416e-4 2.9892416e-4 2.9892416e-4 2.9892416e-4 0.015733043 2.9892416e-4 0.0014135845 2.9892416e-4 0.014184624 0.03809042 5.025569e-4 0.04521743 2.9892416e-4 0.15866078 0.22910199 0.056599487 0.2082245 0.01030054 0.15834412 0.0022608144 0.009723143 0.04835476 5.025569e-4 10.9584255 3.0197978 
9 5 23 "5" NA 0 0 1 0 NA 0 12 0 NA NA 81 96 4 500000 NA NA 12 264 1 0 0.95814097 0.041859098 1.0 1.0 0.003922607 7.993972 2.6443167 0.0014805153 0.0014805153 0.0014805153 0.0014805153 0.0014805153 0.0014805153 0.0014805153 0.01623661 0.0014805153 0.011696741 0.0062949657 0.05410316 0.039750952 0.0093990285 0.53958887 0.037580173 0.07743894 0.004718945 0.013217368 0.101854175 0.004380772 0.022946611 0.003922607 0.029570669 0.013974767 0.0014805153 0.003922607 7.993972 2.6443167 
9 5 24 "5" NA 0 0 1 0 NA 0 12 0 NA NA 78 96 4 500000 NA NA 12 276 1 0 0.98974997 0.010250016 1.0 1.0 0.016901402 5.886713 2.1112366 4.2822296e-4 4.2822296e-4 4.2822296e-4 4.2822296e-4 4.2822296e-4 4.2822296e-4 4.2822296e-4 4.2822296e-4 0.001437809 4.2822296e-4 7.661713e-4 4.2822296e-4 0.0017722741 0.0037681786 4.2822296e-4 0.0136148585 0.0017722741 0.022767153 0.037369423 0.016901402 0.5535394 0.008716388 0.11261337 0.006223448 0.19843218 0.015595254 0.016901402 5.886713 2.1112366 
9 5 25 "5" NA 0 0 1 0 NA 0 12 0 NA NA 80 96 4 500000 NA NA 12 288 1 0 0.978188 0.021811992 1.0 1.0 0.029483067 5.0839696 2.3823225 2.1400064e-4 2.1400064e-4 2.1400064e-4 2.1400064e-4 2.1400064e-4 2.1400064e-4 2.1400064e-4 2.1400064e-4 2.1400064e-4 5.7867e-4 4.5793198e-4 0.0022340512 0.0011755503 4.5793198e-4 0.0077505205 0.08674358 0.009111978 0.1865429 0.034801804 0.08538523 0.49915043 0.029483067 0.021120228 0.012159585 0.020341836 5.7867e-4 0.029483067 5.0839696 2.3823225 
9 5 26 "5" NA 0 0 1 0 NA 0 12 0 NA NA 84 96 4 500000 NA NA 12 300 1 1 0.87202597 0.12797399 1.0 1.0 0.0017365515 9.1695595 2.7507865 0.00104012 0.00104012 0.00104012 0.00104012 0.00104012 0.00104012 0.00104012 0.00104012 0.00104012 0.0023930457 0.00104012 0.0017365515 0.0017365515 0.00104012 0.039910376 0.0017365515 0.01247273 0.008861126 0.08789792 0.254029 0.012808025 0.16448012 0.053207524 0.31355345 0.031999093 0.0017365515 0.0017365515 9.1695595 2.7507865 
9 5 27 "5" NA 0 0 1 0 NA 0 12 0 NA NA 77 96 4 500000 NA NA 12 312 1 0 0.993208 0.006792047 1.0 1.0 0.0045136497 7.7914896 2.319323 6.3100545e-4 6.3100545e-4 6.3100545e-4 6.3100545e-4 6.3100545e-4 6.3100545e-4 6.3100545e-4 6.3100545e-4 0.0021898076 6.3100545e-4 6.3100545e-4 6.3100545e-4 0.0014119643 0.018344771 6.3100545e-4 0.0037402385 6.3100545e-4 0.03285852 0.0045136497 0.0021898076 0.07087114 6.3100545e-4 0.086788446 0.49946442 0.17140459 0.09738864 0.0045136497 7.7914896 2.319323 
9 5 28 "5" NA 0 0 1 0 NA 0 12 0 NA NA 76 96 4 500000 NA NA 12 324 1 0 0.95817125 0.04182872 1.0 0.99999994 0.35487765 1.4946065 2.628313 5.822914e-4 5.822914e-4 5.822914e-4 5.822914e-4 5.822914e-4 5.822914e-4 0.001273555 5.822914e-4 0.0028316227 0.0014997534 0.004780439 8.1539294e-4 0.0062712096 0.0034862787 0.0052082096 0.07218526 0.035327688 0.35487765 0.1606991 0.051291607 0.25692537 0.011706717 0.016803984 0.0054215114 8.1539294e-4 0.0037032547 0.35487765 1.4946065 2.628313 
9 5 29 "5" NA 0 0 1 0 NA 0 12 0 NA NA 83 96 4 500000 NA NA 12 336 2 0 0.99530154 0.004698431 1.0 0.99999994 7.9238636e-4 10.301508 1.874909 8.6384745e-5 8.6384745e-5 8.6384745e-5 8.6384745e-5 8.6384745e-5 8.6384745e-5 8.6384745e-5 1.7220777e-4 0.005353535 1.2933052e-4 0.0032562492 8.6384745e-5 0.0014066977 0.048126705 4.7132585e-4 0.64119214 0.0016786815 0.11491936 0.08240951 0.013224633 0.06646787 4.516405e-4 0.014587054 5.425791e-4 7.9238636e-4 0.00412693 7.9238636e-4 10.301508 1.874909 
9 5 30 "5" NA 0 0 1 0 NA 0 12 0 NA NA 84 96 4 500000 NA NA 12 348 2 0 0.9956128 0.0043872045 1.0 1.0 0.5146828 0.95824444 2.1741657 3.2787258e-4 3.2787258e-4 3.2787258e-4 3.2787258e-4 3.2787258e-4 3.2787258e-4 3.2787258e-4 3.2787258e-4 3.2787258e-4 3.2787258e-4 3.2787258e-4 3.2787258e-4 3.2787258e-4 6.7878625e-4 0.0020763841 0.037235975 0.0010288622 0.004512557 0.0024249586 0.0038172952 0.026986478 0.024572538 0.21862866 0.074441954 0.084650405 0.5146828 0.5146828 0.95824444 2.1741657 
9 5 31 "5" NA 0 0 1 0 NA 0 12 0 NA NA 76 96 4 500000 NA NA 12 360 3 0 0.9917582 0.008241795 0.99999994 1.0 0.027513804 5.1837006 2.0015385 0.0019071795 0.0019071795 0.0019071795 0.0019071795 0.0019071795 0.0019071795 0.0019071795 0.0019071795 0.006606562 0.0019071795 0.0019071795 0.0019071795 0.0042625703 0.018249251 0.0019071795 0.0042625703 0.0019071795 0.027513804 0.0043562986 0.0042625703 0.03444447 0.0019071795 0.23318642 0.0042625703 0.59052885 0.041363493 0.027513804 5.1837006 2.0015385 
9 5 32 "5" NA 0 0 1 0 NA 0 12 0 NA NA 78 96 4 500000 NA NA 12 372 2 0 0.9514314 0.048568606 1.0 1.0 0.040912587 4.6113114 2.767227 3.2061737e-4 3.2061737e-4 3.2061737e-4 3.2061737e-4 3.2061737e-4 3.2061737e-4 3.2061737e-4 6.200069e-4 0.0069857594 4.7154792e-4 0.0054121087 3.2061737e-4 0.004616784 0.08679925 0.0016232724 0.33018196 0.0059485584 0.1978959 0.1537118 0.040912587 0.108255066 4.7154792e-4 0.039747406 8.4264553e-4 0.0050581438 0.007880725 0.040912587 4.6113114 2.767227 
9 6 1 "6" NA 0 0 1 0 NA 0 0 0 NA NA 67 96 4 500000 NA NA 12 0 0 0 0.5 0.5 1.0 1.0 0.038461525 4.7004404 4.700439 0.038461525 0.038461525 0.038461525 0.038461525 0.038461525 0.038461525 0.038461525 0.038461525 0.038461525 0.038461525 0.038461525 0.038461525 0.038461525 0.038461525 0.038461525 0.038461525 0.038461525 0.038461525 0.038461525 0.038461525 0.038461525 0.038461525 0.038461525 0.038461525 0.038461525 0.038461525 0.038461525 4.7004404 4.700439 
9 6 2 "6" NA 0 0 1 0 NA 0 12 0 NA NA 62 96 4 500000 NA NA 12 12 0 0 0.9259461 0.07405388 1.0 1.0 0.049459968 4.3375945 3.3900025 0.01032249 0.0041240766 0.0022354047 0.049459968 0.0022354047 0.051476445 0.025952784 0.11102512 0.24881041 0.0038151718 0.15650666 0.005643636 0.07646797 0.13473693 0.0019100026 0.0356575 0.0019100026 0.03617551 0.013155418 0.0015800806 0.01759171 0.0015800806 0.0025570472 0.0015800806 0.0019100026 0.0015800806 0.049459968 4.3375945 3.3900025 
9 6 3 "6" NA 0 0 1 0 NA 0 12 0 NA NA 69 96 4 500000 NA NA 12 24 1 0 0.95531183 0.04468817 0.99999994 1.0 0.033098232 4.917102 3.1022542 0.08965456 0.08551303 0.023427427 0.28854755 0.002352879 0.1511803 0.010592026 0.033849716 0.17142832 0.0027517823 0.033098232 0.002352879 0.070982784 0.013744065 0.0010297308 0.008529412 0.0010297308 0.00169751 0.0010297308 0.0010297308 0.0010297308 0.0010297308 0.0010297308 0.0010297308 0.0010297308 0.0010297308 0.033098232 4.917102 3.1022542 
9 6 4 "6" NA 0 0 1 0 NA 0 12 0 NA NA 68 96 4 500000 NA NA 12 36 2 0 0.97209764 0.027902428 1.0 1.0 0.012876493 6.279116 2.8673031 5.2361394e-4 0.0020849078 0.0010984209 0.20450287 6.685135e-4 0.0029192856 0.012743814 0.13231514 0.1617751 0.012876493 0.24037276 0.0033337693 0.16077052 0.021057455 8.125099e-4 0.021319004 6.685135e-4 0.008224839 0.0045690085 0.001240537 0.0016642769 5.2361394e-4 0.0023639428 5.2361394e-4 5.2361394e-4 5.2361394e-4 0.012876493 6.279116 2.8673031 
9 6 5 "6" NA 0 0 1 0 NA 0 12 0 NA NA 66 96 4 500000 NA NA 12 48 2 0 0.99866986 0.0013301257 0.99999994 1.0 0.0433759 4.5269623 1.8296388 0.029591441 0.001171192 0.001171192 0.002256755 0.001171192 0.0033415933 0.002256755 0.0433759 0.004425954 0.08928844 0.691294 0.032565173 0.069848314 0.0033415933 0.0076771537 0.001171192 0.004425954 0.001171192 0.001171192 0.001171192 0.001171192 0.002256755 0.001171192 0.001171192 0.001171192 0.001171192 0.0433759 4.5269623 1.8296388 
9 6 6 "6" NA 0 0 1 0 NA 0 12 0 NA NA 63 96 4 500000 NA NA 12 60 1 0 0.9698854 0.030114602 1.0 1.0 5.827805e-4 10.74476 2.8999207 9.564733e-4 0.0011414833 5.827805e-4 0.010994274 5.827805e-4 0.033904243 0.31488305 0.11288514 0.07517338 0.11813438 0.013052465 0.1643217 0.0038472745 0.024867294 0.11829414 0.0011414833 3.9329348e-4 3.9329348e-4 5.827805e-4 0.0015088493 3.9329348e-4 3.9329348e-4 3.9329348e-4 3.9329348e-4 3.9329348e-4 3.9329348e-4 5.827805e-4 10.74476 2.8999207 
9 6 7 "6" NA 0 0 1 0 NA 0 12 0 NA NA 70 96 4 500000 NA NA 12 72 1 0 0.96448815 0.03551181 1.0 1.0 0.043445088 4.524663 3.0527675 0.008039888 0.008039888 0.02598746 0.060640667 0.060640667 0.09453403 0.4831441 0.043445088 0.008039888 0.008039888 0.008039888 0.043445088 0.043445088 0.008039888 0.008039888 0.008039888 0.008039888 0.008039888 0.008039888 0.008039888 0.008039888 0.008039888 0.008039888 0.008039888 0.008039888 0.008039888 0.043445088 4.524663 3.0527675 
9 6 8 "6" NA 0 0 1 0 NA 0 12 0 NA NA 72 96 4 500000 NA NA 12 84 1 0 0.9374666 0.06253335 1.0 1.0 0.042649787 4.5513177 3.312945 0.003476746 0.003476746 0.0050845514 0.0050845514 0.0050845514 0.0050845514 0.0050845514 0.042649787 0.22013547 0.26678392 0.07506174 0.06706616 0.052233502 0.042649787 0.11171425 0.0050845514 0.035716552 0.003476746 0.008207834 0.011251715 0.003476746 0.003476746 0.003476746 0.008207834 0.003476746 0.003476746 0.042649787 4.5513177 3.312945 
9 6 9 "6" NA 0 0 1 0 NA 0 12 0 NA NA 64 96 4 500000 NA NA 12 96 1 0 0.9663262 0.033673894 1.0 1.0 0.0025551664 8.612367 2.9624202 3.367532e-4 4.2931974e-4 3.367532e-4 6.1249704e-4 3.367532e-4 0.0025551664 7.937548e-4 9.7356853e-4 0.044917867 0.023937318 0.07119973 0.13683629 0.07472365 0.16341586 0.047357183 0.34600508 7.033299e-4 0.050539635 0.0075540133 6.1249704e-4 0.015695708 3.367532e-4 0.0063827345 3.367532e-4 4.2931974e-4 0.0026417517 0.0025551664 8.612367 2.9624202 
9 6 10 "6" NA 0 0 1 0 NA 0 12 0 NA NA 65 96 4 500000 NA NA 12 108 1 0 0.9632698 0.03673022 1.0 1.0 0.08626435 3.5350916 3.004406 0.0036699704 0.022754995 0.011770354 0.28503874 0.015950391 0.12370605 0.08626435 0.15340257 0.18789385 0.0028342376 0.057186827 0.0011290284 0.0061389226 0.021978585 0.0011290284 0.0036699704 0.0011290284 0.005321103 0.0011290284 0.0011290284 0.0011290284 0.0011290284 0.0011290284 0.0011290284 0.0011290284 0.0011290284 0.08626435 3.5350916 3.004406 
9 6 11 "6" NA 0 0 1 0 NA 0 12 0 NA NA 71 96 4 500000 NA NA 12 120 2 0 0.9967746 0.0032254022 1.0 1.0 0.008440933 6.888382 2.0823576 0.0031037673 0.0014979335 0.0014979335 0.022804907 0.0047067823 0.16670516 0.038728565 0.0419104 0.6195094 0.0014979335 0.032362282 0.0063079963 0.008440933 0.024398582 0.0014979335 0.006841423 0.0014979335 0.0014979335 0.0014979335 0.0014979335 0.0014979335 0.0014979335 0.0047067823 0.0014979335 0.0014979335 0.0014979335 0.008440933 6.888382 2.0823576 
9 6 12 "6" NA 0 0 1 0 NA 0 12 0 NA NA 73 96 4 500000 NA NA 12 132 2 0 0.9937728 0.0062272563 1.0 1.0 0.508221 0.9764722 2.2923467 0.0010420523 9.269484e-4 0.0010420523 0.003219107 0.0010420523 0.0017312377 0.0010420523 0.0027618846 0.03420996 0.0029905506 0.096338905 0.005386101 0.05399228 0.21717297 0.508221 0.0396109 0.0020751278 0.010952576 0.0019605407 0.0018459115 0.0049304403 0.0011570766 0.002189675 9.269484e-4 0.002189675 0.0010420523 0.508221 0.9764722 2.2923467 
9 6 13 "6" NA 0 0 1 0 NA 0 12 0 NA NA 66 96 4 500000 NA NA 12 144 2 0 0.96219355 0.037806466 1.0 1.0 0.018197568 5.7801104 3.0329266 0.0010022932 0.0010022932 0.0010022932 0.0010022932 0.0010022932 0.0010022932 0.0010022932 0.018197568 0.0010022932 0.042806096 0.0042877956 0.3589787 0.041009795 0.0064129815 0.13295645 0.09964141 0.13903728 0.0032103793 0.016168075 0.07685492 0.002666531 0.015715754 0.0032103793 0.0202742 0.0095510315 0.0010022932 0.018197568 5.7801104 3.0329266 
9 6 14 "6" NA 0 0 1 0 NA 0 12 0 NA NA 64 96 4 500000 NA NA 12 156 2 0 0.98948586 0.010514138 1.0 0.99999994 0.03061419 5.0296555 2.07628 8.0357405e-4 9.6244214e-4 4.8474086e-4 0.009704012 6.624992e-4 0.03061419 0.0042630387 0.046365727 0.06897971 0.08255658 0.011560682 0.62424475 0.003324469 8.0357405e-4 0.082707964 9.6244214e-4 3.2454112e-4 3.2454112e-4 0.027123788 0.0012793806 3.2454112e-4 3.2454112e-4 3.2454112e-4 3.2454112e-4 3.2454112e-4 3.2454112e-4 0.03061419 5.0296555 2.07628 
9 6 15 "6" NA 0 0 1 0 NA 0 12 0 NA NA 72 96 4 500000 NA NA 12 168 1 0 0.98157656 0.018423432 1.0 1.0 0.019584885 5.6741157 2.263223 0.001272139 0.0081659835 0.004171386 0.51188487 0.0015653601 0.11730449 0.012726583 0.19536933 0.05021725 0.0049960376 0.051416725 3.8269022e-4 0.013985912 0.019584885 3.8269022e-4 0.001272139 3.8269022e-4 0.0018575474 3.8269022e-4 3.8269022e-4 3.8269022e-4 3.8269022e-4 3.8269022e-4 3.8269022e-4 3.8269022e-4 3.8269022e-4 0.019584885 5.6741157 2.263223 
9 6 16 "6" NA 0 0 1 0 NA 0 12 0 NA NA 70 96 4 500000 NA NA 12 180 2 0 0.95122606 0.04877404 1.0 1.0 0.0037752371 8.049217 2.641478 3.0970987e-4 3.9334712e-4 3.0970987e-4 5.580684e-4 3.0970987e-4 0.017387697 7.202952e-4 8.80653e-4 0.078419715 3.9334712e-4 0.3343439 0.0037752371 0.15380001 0.2442743 0.0013537089 0.089409485 6.394463e-4 0.042980045 0.006617766 5.580684e-4 0.013594135 3.0970987e-4 0.0056063975 3.0970987e-4 3.9334712e-4 0.0023526417 0.0037752371 8.049217 2.641478 
9 6 17 "6" NA 0 0 1 0 NA 0 12 0 NA NA 63 96 4 500000 NA NA 12 192 1 0 0.9847209 0.015279186 1.0 1.0 0.0017047727 9.196205 2.2106931 0.0011435781 0.0011435781 0.0017047727 0.0017047727 0.0017047727 0.0017047727 0.019695118 0.015918016 0.0039266385 0.024535108 0.5926287 0.078184105 0.019695122 0.12625673 0.078711405 0.0017047727 0.013211678 0.0011435781 0.0028191977 0.0039266385 0.0011435781 0.0011435781 0.0011435781 0.0028191977 0.0011435781 0.0011435781 0.0017047727 9.196205 2.2106931 
9 6 18 "6" NA 0 0 1 0 NA 0 12 0 NA NA 66 96 4 500000 NA NA 12 204 1 0 0.8927075 0.10729242 1.0 1.0 0.04573027 4.4507065 3.2779512 0.009594946 0.009594946 0.028420815 0.062265687 0.062265687 0.43796685 0.062265687 0.04573027 0.009594946 0.009594946 0.009594946 0.08264559 0.04573027 0.009594946 0.009594946 0.009594946 0.009594946 0.009594946 0.009594946 0.009594946 0.009594946 0.009594946 0.009594946 0.009594946 0.009594946 0.009594946 0.04573027 4.4507065 3.2779512 
9 6 19 "6" NA 0 0 1 0 NA 0 12 0 NA NA 68 96 4 500000 NA NA 12 216 1 0 0.95920175 0.04079827 1.0 1.0 0.016233783 5.9448566 2.6380727 0.0037557897 0.0044735475 0.0023009311 0.042025536 0.0033213976 0.28184524 0.018932791 0.08486515 0.4068086 0.016233783 0.04979874 0.024949167 0.014877264 0.0037557897 0.01691021 0.0044735475 0.0015595403 0.0015595403 0.0023009311 0.005895132 0.0015595403 0.0015595403 0.0015595403 0.0015595403 0.0015595403 0.0015595403 0.016233783 5.9448566 2.6380727 
9 6 20 "6" NA 0 0 1 0 NA 0 12 0 NA NA 69 96 4 500000 NA NA 12 228 1 0 0.7969149 0.20308517 1.0 1.0 0.15060852 2.7311246 3.4844437 0.011406079 0.0067581492 0.0067581492 0.011406079 0.0067581492 0.015601514 0.011406079 0.25296307 0.019523712 0.11859524 0.15060852 0.16342886 0.06276195 0.015601514 0.041960042 0.0067581492 0.032233514 0.0067581492 0.0067581492 0.0067581492 0.0067581492 0.011406079 0.0067581492 0.0067581492 0.0067581492 0.0067581492 0.15060852 2.7311246 3.4844437 
9 6 21 "6" NA 0 0 1 0 NA 0 12 0 NA NA 62 96 4 500000 NA NA 12 240 2 0 0.92004335 0.0799566 0.99999994 1.0 0.017138682 5.8666 2.9309783 0.001191005 0.0044040917 0.0024012744 0.017138682 0.0015008292 0.019791074 0.0065980246 0.036024664 0.24336167 0.008812131 0.2056794 0.0068673524 0.27934825 0.06358112 0.0018051497 0.052017357 0.0015008292 0.02274618 0.009254345 0.0026943448 0.0035582415 0.001191005 0.0049600434 0.001191005 0.001191005 0.001191005 0.017138682 5.8666 2.9309783 
9 6 22 "6" NA 0 0 1 0 NA 0 12 0 NA NA 67 96 4 500000 NA NA 12 252 1 0 0.9138457 0.08615425 1.0 1.0 0.15501113 2.6895561 2.9596457 0.042661548 0.06830005 0.014088892 0.35081944 0.0017691564 0.12595932 0.006128753 0.062514134 0.15501113 0.0012945934 0.043336786 0.0017691564 0.09641527 0.006956231 8.025418e-4 0.013655297 8.025418e-4 0.0012945934 8.025418e-4 8.025418e-4 8.025418e-4 8.025418e-4 8.025418e-4 8.025418e-4 8.025418e-4 8.025418e-4 0.15501113 2.6895561 2.9596457 
9 6 23 "6" NA 0 0 1 0 NA 0 12 0 NA NA 65 96 4 500000 NA NA 12 264 2 0 0.9446701 0.05532988 1.0 0.99999994 0.076908186 3.7007189 2.7154393 0.014534007 0.0021946752 0.0018355738 0.19063891 4.430617e-4 0.021567473 0.076908186 0.067493185 0.412129 7.643928e-4 0.09312012 0.0011397247 0.06155378 0.03015911 3.7736408e-4 0.008711175 3.7736408e-4 0.0075852755 0.0027025745 3.1098578e-4 0.0036352405 3.1098578e-4 5.081914e-4 3.1098578e-4 3.7736408e-4 3.1098578e-4 0.076908186 3.7007189 2.7154393 
9 6 24 "6" NA 0 0 1 0 NA 0 12 0 NA NA 66 96 4 500000 NA NA 12 276 3 0 0.99626714 0.0037327847 1.0 1.0 0.016363852 5.933344 1.7745643 0.0013313335 6.427637e-4 6.427637e-4 0.077007376 0.0020185048 0.6799509 0.100026086 0.016363852 0.06255143 6.427637e-4 0.01295587 0.0027047829 0.0027315593 0.03065279 6.427637e-4 0.0013313335 6.427637e-4 6.427637e-4 6.427637e-4 6.427637e-4 6.427637e-4 6.427637e-4 0.0020185048 6.427637e-4 6.427637e-4 6.427637e-4 0.016363852 5.933344 1.7745643 
9 6 25 "6" NA 0 0 1 0 NA 0 12 0 NA NA 68 96 4 500000 NA NA 12 288 1 0 0.858333 0.14166702 1.0 1.0 0.12951918 2.9487622 3.3595498 0.0028989902 0.003390085 0.0018699355 0.02516324 0.0031534666 0.09019897 0.012327767 0.1268872 0.13792323 0.12951918 0.029290099 0.10164225 0.056979224 0.0028989902 0.20703629 0.003390085 0.0013203279 0.0013203279 0.0018699355 0.052998602 0.0013203279 0.0013203279 0.0013203279 0.0013203279 0.0013203279 0.0013203279 0.12951918 2.9487622 3.3595498 
9 6 26 "6" NA 0 0 1 0 NA 0 12 0 NA NA 71 96 4 500000 NA NA 12 300 2 1 0.59753656 0.4024635 1.0 1.0 0.040869858 4.6128187 3.417675 0.011379475 0.0076857 0.0076857 0.011379475 0.0076857 0.014391943 0.011379475 0.1910675 0.017027382 0.065861166 0.30719742 0.11129278 0.040869858 0.014391943 0.030219734 0.0076857 0.06993398 0.0076857 0.0076857 0.0076857 0.0076857 0.011379475 0.0076857 0.0076857 0.0076857 0.0076857 0.040869858 4.6128187 3.417675 
9 6 27 "6" NA 0 0 1 0 NA 0 12 0 NA NA 64 96 4 500000 NA NA 12 312 2 0 0.92298704 0.07701299 1.0 1.0 0.0016373623 9.254411 2.9195995 0.0010218358 9.1657497e-4 0.0010218358 0.0029129698 0.0010218358 0.0016373623 0.0010218358 0.0025266493 0.026160264 0.002720382 0.06843262 0.0297611 0.06267751 0.06510532 0.14517727 0.053099036 0.4143751 0.056578092 0.050628606 0.0017378607 0.004328108 0.001126198 0.002036577 9.1657497e-4 0.002036577 0.0010218358 0.0016373623 9.254411 2.9195995 
9 6 28 "6" NA 0 0 1 0 NA 0 12 0 NA NA 62 96 4 500000 NA NA 12 324 1 0 0.8558949 0.14410506 1.0 1.0 0.18797523 2.4113855 3.3207414 0.0046755066 0.023654465 0.013168555 0.18797523 0.005602406 0.13012798 0.046059355 0.15188602 0.16222078 0.0037163126 0.08798162 0.0016403582 0.007385038 0.096356384 0.0016403582 0.0046755066 0.0016403582 0.056470934 0.0016403582 0.0016403582 0.0016403582 0.0016403582 0.0016403582 0.0016403582 0.0016403582 0.0016403582 0.18797523 2.4113855 3.3207414 
9 6 29 "6" NA 0 0 1 0 NA 0 12 0 NA NA 70 96 4 500000 NA NA 12 336 1 0 0.89173925 0.10826079 0.99999994 1.0 0.0037646783 8.053258 3.116691 0.07162939 0.12986071 0.034969755 0.26427066 0.0024070225 0.13701604 0.012775765 0.03395775 0.19494534 0.0017747142 0.03482028 0.0037646783 0.04805752 0.011499373 0.001112977 0.0053468575 0.001112977 0.0017747142 0.001112977 0.001112977 0.001112977 0.001112977 0.001112977 0.001112977 0.001112977 0.001112977 0.0037646783 8.053258 3.116691 
9 6 30 "6" NA 0 0 1 0 NA 0 12 0 NA NA 69 96 4 500000 NA NA 12 348 2 0 0.9736506 0.0263494 1.0 1.0 0.049431197 4.338434 2.4772253 0.0020335591 0.0020335591 0.0030179229 0.0030179229 0.0042355983 0.0030179229 0.0030179229 0.027480433 0.0068863486 0.5326025 0.049431197 0.16958761 0.033919834 0.03012442 0.074706174 0.0030179229 0.022856113 0.0020335591 0.0049626236 0.0068863486 0.0020335591 0.0020335591 0.0020335591 0.0049626236 0.0020335591 0.0020335591 0.049431197 4.338434 2.4772253 
9 6 31 "6" NA 0 0 1 0 NA 0 12 0 NA NA 63 96 4 500000 NA NA 12 360 1 0 0.8996906 0.100309364 1.0 1.0 0.0016287703 9.262001 3.1515868 0.0012991625 0.004667051 0.002579022 0.022362398 0.0016287703 0.0063729915 0.02413379 0.030189535 0.32057008 0.009360394 0.1798822 0.055262186 0.13836275 0.0908377 0.01143957 0.04775296 0.0016287703 0.02490931 0.009647127 0.0028864243 0.003788529 0.0012991625 0.0052423924 0.0012991625 0.0012991625 0.0012991625 0.0016287703 9.262001 3.1515868 
9 6 32 "6" NA 0 0 1 0 NA 0 12 0 NA NA 61 96 4 500000 NA NA 12 372 1 0 0.9082623 0.09173772 1.0 1.0 0.026777683 5.222825 3.2222412 0.00887078 0.00887078 0.026777683 0.059473034 0.059473034 0.4456892 0.059473034 0.07299769 0.00887078 0.00887078 0.00887078 0.07299769 0.04344497 0.00887078 0.00887078 0.00887078 0.00887078 0.00887078 0.00887078 0.00887078 0.00887078 0.00887078 0.00887078 0.00887078 0.00887078 0.00887078 0.026777683 5.222825 3.2222412 
